1.000000 0.000000 0.000000 0.000000 0.000000 1.000000 0.000000 0.000000 0.000000 0.000000 1.000000 0.000000
0.999976 0.000976 -0.006799 -0.042441 -0.000959 0.999996 0.002590 -0.000263 0.006801 -0.002583 0.999974 0.774406
0.999944 0.000933 -0.010533 -0.055432 -0.000904 0.999996 0.002769 -0.057505 0.010536 -0.002759 0.999941 1.415585
0.999913 -0.000407 -0.013160 -0.020662 0.000439 0.999997 0.002426 -0.090305 0.013159 -0.002432 0.999910 2.143943
0.999833 -0.004813 -0.017617 -0.046555 0.004890 0.999979 0.004351 -0.095538 0.017595 -0.004437 0.999835 2.899734
0.999690 -0.007167 -0.023847 -0.142141 0.007279 0.999963 0.004603 -0.073019 0.023813 -0.004775 0.999705 3.678882
0.999564 -0.001440 -0.029490 -0.179367 0.001601 0.999984 0.005451 -0.080997 0.029481 -0.005495 0.999550 4.429515
0.999415 0.008919 -0.033031 -0.152502 -0.008797 0.999954 0.003811 -0.070741 0.033063 -0.003518 0.999447 5.215251
0.999149 0.017472 -0.037366 -0.189378 -0.017353 0.999843 0.003502 -0.077581 0.037421 -0.002851 0.999296 6.000182
0.999113 0.011134 -0.040615 -0.197117 -0.010829 0.999912 0.007720 -0.047479 0.040697 -0.007273 0.999145 6.827104
0.998993 0.009998 -0.043731 -0.282757 -0.009568 0.999904 0.010030 -0.004862 0.043827 -0.009601 0.998993 7.596331
0.998851 0.008039 -0.047254 -0.367841 -0.007519 0.999909 0.011165 0.021867 0.047340 -0.010797 0.998820 8.396745
0.998806 0.004260 -0.048661 -0.401559 -0.003837 0.999954 0.008774 -0.008659 0.048696 -0.008577 0.998777 9.167504
0.998763 0.001218 -0.049719 -0.395359 -0.000789 0.999962 0.008646 0.008631 0.049728 -0.008596 0.998726 10.007274
0.998795 -0.000306 -0.049083 -0.435200 0.000757 0.999958 0.009165 -0.027579 0.049078 -0.009191 0.998753 10.835291
0.998711 -0.004553 -0.050561 -0.490465 0.004982 0.999953 0.008363 -0.037103 0.050521 -0.008604 0.998686 11.668923
0.998625 0.000608 -0.052416 -0.535214 -0.000337 0.999987 0.005172 -0.103935 0.052419 -0.005148 0.998612 12.480241
0.998480 0.003226 -0.055028 -0.608827 -0.002922 0.999980 0.005606 -0.134868 0.055045 -0.005436 0.998469 13.326083
0.998285 0.007864 -0.058002 -0.650263 -0.007527 0.999954 0.006025 -0.096712 0.058047 -0.005578 0.998298 14.267833
0.998210 0.008524 -0.059188 -0.706946 -0.008133 0.999943 0.006848 -0.134705 0.059243 -0.006354 0.998223 15.233060
0.998169 0.008226 -0.059931 -0.715619 -0.007806 0.999943 0.007228 -0.144679 0.059987 -0.006747 0.998176 16.074304
0.998106 0.007791 -0.061026 -0.830094 -0.007361 0.999947 0.007260 -0.177150 0.061080 -0.006797 0.998110 16.967194
0.998062 0.011084 -0.061225 -0.880821 -0.010485 0.999894 0.010088 -0.177482 0.061330 -0.009427 0.998073 17.881385
0.997972 0.009532 -0.062934 -0.941139 -0.008940 0.999913 0.009678 -0.167219 0.063021 -0.009095 0.997971 18.790478
0.997907 0.005120 -0.064467 -0.969663 -0.004455 0.999935 0.010452 -0.201913 0.064516 -0.010143 0.997865 19.726417
0.997821 0.007444 -0.065551 -1.075651 -0.006716 0.999913 0.011319 -0.233744 0.065629 -0.010854 0.997785 20.642566
0.997683 0.006810 -0.067696 -1.146237 -0.005904 0.999891 0.013562 -0.269428 0.067781 -0.013131 0.997614 21.629511
0.997758 0.010700 -0.066061 -1.210612 -0.009701 0.999834 0.015418 -0.223215 0.066215 -0.014743 0.997696 22.609192
0.997859 0.011069 -0.064458 -1.346581 -0.009949 0.999795 0.017662 -0.266015 0.064640 -0.016982 0.997764 23.552491
0.997854 0.012967 -0.064184 -1.404086 -0.011812 0.999762 0.018341 -0.222747 0.064407 -0.017543 0.997770 24.606251
0.997951 0.011855 -0.062882 -1.483255 -0.011003 0.999843 0.013869 -0.254252 0.063037 -0.013149 0.997925 25.506879
0.998151 0.002587 -0.060734 -1.608235 -0.001942 0.999941 0.010683 -0.189370 0.060758 -0.010545 0.998097 26.515495
0.998177 0.003688 -0.060247 -1.520748 -0.003171 0.999957 0.008667 -0.210448 0.060276 -0.008460 0.998146 27.563915
0.998133 -0.000454 -0.061084 -1.595286 0.001121 0.999940 0.010887 -0.219200 0.061075 -0.010935 0.998073 28.588810
0.998186 0.004368 -0.060042 -1.558982 -0.003411 0.999866 0.016034 -0.236249 0.060104 -0.015800 0.998067 29.629007
0.998083 0.009821 -0.061099 -1.624706 -0.008699 0.999789 0.018600 -0.287931 0.061269 -0.018033 0.997958 30.643675
0.998084 0.008067 -0.061353 -1.696382 -0.007014 0.999825 0.017347 -0.338106 0.061483 -0.016883 0.997965 31.710096
0.998084 0.004619 -0.061703 -1.762428 -0.003679 0.999876 0.015344 -0.289321 0.061766 -0.015088 0.997977 32.709915
0.998074 0.007736 -0.061544 -1.807708 -0.006981 0.999898 0.012467 -0.273407 0.061634 -0.012013 0.998027 33.695745
0.997934 0.012683 -0.062977 -1.752229 -0.011957 0.999858 0.011887 -0.289271 0.063119 -0.011110 0.997944 34.738685
0.997492 0.027381 -0.065270 -1.887004 -0.026463 0.999539 0.014884 -0.404157 0.065647 -0.013119 0.997757 35.799212
0.997096 0.037326 -0.066379 -1.955171 -0.036187 0.999178 0.018273 -0.399353 0.067007 -0.015818 0.997627 36.751131
0.997347 0.032538 -0.065120 -2.051614 -0.031346 0.999323 0.019240 -0.403272 0.065702 -0.017147 0.997692 37.688958
0.997544 0.024713 -0.065540 -2.049985 -0.023434 0.999521 0.020204 -0.373304 0.066007 -0.018618 0.997645 38.649913
0.997388 0.026623 -0.067139 -2.125311 -0.024925 0.999351 0.026005 -0.365844 0.067787 -0.024264 0.997405 39.701078
0.997574 0.026137 -0.064520 -2.185151 -0.024319 0.999289 0.028795 -0.281982 0.065226 -0.027156 0.997501 40.671506
0.997381 0.026698 -0.067217 -2.333567 -0.024892 0.999310 0.027563 -0.278147 0.067907 -0.025818 0.997358 41.733632
0.997472 0.022336 -0.067460 -2.388932 -0.020577 0.999433 0.026669 -0.284229 0.068017 -0.025214 0.997366 42.701202
0.997258 0.026294 -0.069172 -2.485793 -0.024720 0.999418 0.023517 -0.301965 0.069750 -0.021743 0.997328 43.832424
0.997292 0.022417 -0.070046 -2.575837 -0.020840 0.999515 0.023154 -0.234831 0.070531 -0.021631 0.997275 44.783487
0.997207 0.024909 -0.070407 -2.564116 -0.023410 0.999483 0.022032 -0.272338 0.070920 -0.020322 0.997275 45.845776
0.997289 0.023810 -0.069630 -2.626086 -0.022427 0.999537 0.020584 -0.252187 0.070088 -0.018967 0.997360 46.900326
0.996919 0.030095 -0.072438 -2.733007 -0.028666 0.999375 0.020678 -0.283820 0.073015 -0.018537 0.997159 47.843809
0.996626 0.037635 -0.072945 -2.817168 -0.036540 0.999199 0.016288 -0.322011 0.073500 -0.013568 0.997203 48.849707
0.996191 0.042768 -0.075987 -2.879904 -0.041724 0.999013 0.015263 -0.319318 0.076565 -0.012034 0.996992 49.968972
0.995617 0.052219 -0.077591 -3.022526 -0.050826 0.998511 0.019821 -0.380303 0.078510 -0.015790 0.996788 50.957806
0.995981 0.043526 -0.078281 -3.126857 -0.041824 0.998854 0.023249 -0.292371 0.079203 -0.019881 0.996660 51.913135
0.996243 0.035930 -0.078803 -3.244412 -0.034059 0.999108 0.024961 -0.202054 0.079629 -0.022184 0.996578 52.882649
0.996343 0.031831 -0.079291 -3.350769 -0.030009 0.999260 0.024069 -0.210625 0.079998 -0.021602 0.996561 53.894038
0.996027 0.038878 -0.080118 -3.437533 -0.037015 0.999012 0.024603 -0.292105 0.080995 -0.021540 0.996482 54.876644
0.995530 0.047404 -0.081683 -3.504513 -0.045302 0.998598 0.027400 -0.359500 0.082867 -0.023577 0.996282 55.896474
0.995061 0.051096 -0.085101 -3.574661 -0.048612 0.998336 0.031012 -0.349856 0.086544 -0.026722 0.995890 56.927875
0.995072 0.050044 -0.085595 -3.642330 -0.047275 0.998300 0.034077 -0.383929 0.087155 -0.029863 0.995747 57.910498
0.994949 0.050707 -0.086634 -3.693423 -0.047756 0.998217 0.035798 -0.404217 0.088295 -0.031480 0.995597 58.885542
0.995628 0.044311 -0.082229 -3.675590 -0.041407 0.998469 0.036688 -0.385763 0.083728 -0.033123 0.995938 59.813323
0.995131 0.052329 -0.083518 -3.693070 -0.049540 0.998154 0.035132 -0.338404 0.085202 -0.030823 0.995887 60.664008
0.994838 0.054376 -0.085682 -3.763689 -0.051656 0.998098 0.033657 -0.273996 0.087349 -0.029058 0.995754 61.652709
0.993982 0.065909 -0.087499 -3.865299 -0.063190 0.997440 0.033488 -0.267674 0.089482 -0.027757 0.995602 62.548871
0.994195 0.062417 -0.087640 -3.932215 -0.059427 0.997571 0.036326 -0.217067 0.089695 -0.030907 0.995490 63.523231
0.993736 0.068599 -0.088219 -3.981318 -0.065606 0.997182 0.036396 -0.195216 0.090467 -0.030380 0.995436 64.481125
0.992856 0.080481 -0.088089 -4.032921 -0.077574 0.996339 0.035940 -0.243578 0.090659 -0.028849 0.995464 65.297394
0.991976 0.086792 -0.091933 -4.136452 -0.083566 0.995763 0.038381 -0.228183 0.094875 -0.030391 0.995025 66.160197
0.991657 0.088200 -0.094005 -4.228105 -0.084816 0.995617 0.039404 -0.177424 0.097069 -0.031102 0.994792 66.919144
0.991778 0.084256 -0.096323 -4.325529 -0.080844 0.995971 0.038796 -0.170255 0.099204 -0.030690 0.994594 67.685999
0.990876 0.091370 -0.099075 -4.373203 -0.087957 0.995388 0.038302 -0.129226 0.102117 -0.029238 0.994343 68.441458
0.990713 0.091057 -0.100974 -4.429956 -0.087280 0.995330 0.041226 -0.087934 0.104257 -0.032030 0.994034 69.311579
0.989796 0.100998 -0.100518 -4.573754 -0.096902 0.994283 0.044842 -0.069488 0.104473 -0.034644 0.993924 70.069399
0.989506 0.100566 -0.103754 -4.575810 -0.096205 0.994287 0.046228 -0.038873 0.107811 -0.035762 0.993528 70.858283
0.988384 0.109271 -0.105631 -4.724386 -0.105481 0.993583 0.040835 -0.082073 0.109415 -0.029218 0.993567 71.591777
0.988220 0.106911 -0.109508 -4.783963 -0.103399 0.993941 0.037278 -0.048920 0.112830 -0.025516 0.993287 72.315350
0.987728 0.110753 -0.110122 -4.905426 -0.108123 0.993697 0.029591 -0.058527 0.112705 -0.017321 0.993477 72.959962
0.988227 0.105850 -0.110470 -4.911751 -0.103529 0.994272 0.026548 -0.045822 0.112647 -0.014799 0.993525 73.683802
0.987380 0.112494 -0.111467 -5.003743 -0.110098 0.993542 0.027443 -0.045352 0.113835 -0.014824 0.993389 74.350787
0.987246 0.114412 -0.110704 -5.108959 -0.111962 0.993315 0.028116 -0.008537 0.113181 -0.015363 0.993456 75.006828
0.986273 0.119901 -0.113528 -5.099743 -0.117164 0.992644 0.030506 -0.007638 0.116350 -0.016786 0.993066 75.785501
0.987069 0.114165 -0.112524 -5.074663 -0.112119 0.993396 0.024361 -0.012032 0.114562 -0.011430 0.993350 76.307524
0.987930 0.107992 -0.111048 -5.119724 -0.106459 0.994123 0.019658 -0.011221 0.112518 -0.007598 0.993621 76.847637
0.988526 0.105627 -0.107976 -5.196843 -0.104405 0.994391 0.016928 0.008696 0.109159 -0.005461 0.994009 77.430212
0.989427 0.101424 -0.103670 -5.284210 -0.100383 0.994832 0.015222 0.071283 0.104678 -0.004654 0.994495 78.019120
0.989706 0.102467 -0.099909 -5.345515 -0.101177 0.994707 0.017906 0.053831 0.101215 -0.007613 0.994835 78.610804
0.990931 0.094094 -0.095932 -5.351301 -0.092586 0.995502 0.020067 -0.008558 0.097389 -0.011003 0.995186 79.192228
0.992068 0.092064 -0.085586 -5.415929 -0.090442 0.995644 0.022655 -0.018338 0.087299 -0.014734 0.996073 79.759909
0.992340 0.097437 -0.075948 -5.467062 -0.095766 0.995081 0.025348 -0.005448 0.078044 -0.017880 0.996790 80.261655
0.993029 0.100566 -0.061473 -5.513011 -0.099282 0.994779 0.023597 -0.071493 0.063525 -0.017329 0.997830 80.766270
0.993570 0.105260 -0.041704 -5.507648 -0.104235 0.994212 0.026038 -0.041648 0.044204 -0.021523 0.998791 81.182489
0.994581 0.102427 -0.017818 -5.471511 -0.101977 0.994484 0.024549 -0.027833 0.020234 -0.022599 0.999540 81.645914
0.995133 0.098247 0.007610 -5.397481 -0.098404 0.994856 0.024066 -0.021386 -0.005206 -0.024698 0.999681 82.156673
0.994934 0.093907 0.035875 -5.382062 -0.094799 0.995206 0.024032 0.002693 -0.033446 -0.027311 0.999067 82.610340
0.993155 0.094300 0.068932 -5.305716 -0.095644 0.995280 0.016452 0.000242 -0.067055 -0.022932 0.997486 83.047789
0.990229 0.093155 0.103768 -5.190794 -0.095298 0.995322 0.015884 -0.022607 -0.101803 -0.025618 0.994475 83.567288
0.985352 0.093042 0.142916 -5.103262 -0.095857 0.995311 0.012927 -0.079612 -0.141043 -0.026437 0.989650 84.000516
0.977653 0.094027 0.188024 -4.998309 -0.097061 0.995254 0.006975 -0.028522 -0.186475 -0.025069 0.982140 84.347469
0.967775 0.094671 0.233344 -4.930504 -0.097762 0.995208 0.001689 0.012990 -0.232066 -0.024446 0.972393 84.749330
0.954104 0.093680 0.284447 -4.754103 -0.096991 0.995282 -0.002456 0.002883 -0.283335 -0.025246 0.958689 85.143927
0.935927 0.094385 0.339312 -4.528014 -0.097039 0.995238 -0.009178 -0.006587 -0.338563 -0.024337 0.940629 85.521254
0.912828 0.093979 0.397383 -4.356511 -0.095037 0.995327 -0.017079 -0.051086 -0.397131 -0.022176 0.917494 85.840266
0.886472 0.092749 0.453392 -4.098154 -0.089131 0.995586 -0.029395 0.076766 -0.454117 -0.014354 0.890826 86.137192
0.855597 0.091443 0.509501 -3.765507 -0.080522 0.995803 -0.043503 0.038002 -0.511341 -0.003805 0.859369 86.537371
0.820971 0.091002 0.563671 -3.513886 -0.073959 0.995849 -0.053055 -0.019152 -0.566159 0.001868 0.824294 86.786065
0.782775 0.087635 0.616104 -3.192844 -0.068383 0.996152 -0.054810 -0.110152 -0.618537 0.000773 0.785755 87.041637
0.741452 0.084798 0.665626 -2.898180 -0.063878 0.996397 -0.055783 -0.188383 -0.667959 -0.001159 0.744197 87.244418
0.696883 0.082240 0.712454 -2.590598 -0.056440 0.996611 -0.059835 -0.227681 -0.714960 0.001487 0.699164 87.458909
0.651578 0.080795 0.754267 -2.131147 -0.053649 0.996730 -0.060422 -0.297488 -0.756682 -0.001096 0.653782 87.754164
0.605843 0.084511 0.791083 -1.738442 -0.051433 0.996423 -0.067058 -0.461488 -0.793920 -0.000061 0.608023 87.942825
0.559460 0.082488 0.824742 -1.363155 -0.047582 0.996591 -0.067399 -0.389221 -0.827490 -0.001536 0.561478 88.198809
0.514443 0.081775 0.853616 -0.988683 -0.044364 0.996648 -0.068741 -0.434759 -0.856376 -0.002507 0.516347 88.421146
0.469323 0.084271 0.878996 -0.631718 -0.040989 0.996442 -0.073645 -0.518300 -0.882075 -0.001466 0.471107 88.662710
0.427620 0.083450 0.900099 -0.419979 -0.034464 0.996511 -0.076015 -0.580849 -0.903302 0.001485 0.429004 88.869843
0.387319 0.074746 0.918911 -0.067137 -0.019132 0.997145 -0.073046 -0.630083 -0.921747 0.010712 0.387643 88.930624
0.351078 0.069297 0.933779 0.329962 -0.012514 0.997516 -0.069322 -0.652974 -0.936263 0.012653 0.351073 89.093552
0.317488 0.074821 0.945306 0.675840 -0.012356 0.997124 -0.074772 -0.692065 -0.948182 0.012059 0.317499 89.258147
0.286147 0.080327 0.954813 1.039306 -0.013584 0.996720 -0.079782 -0.728153 -0.958089 0.009859 0.286300 89.375604
0.256607 0.080566 0.963152 1.420802 -0.013658 0.996723 -0.079735 -0.714600 -0.966419 0.007306 0.256866 89.585951
0.230374 0.082932 0.969562 1.812768 -0.016488 0.996551 -0.081322 -0.816402 -0.972962 0.002748 0.230947 89.612269
0.205617 0.083386 0.975074 2.257073 -0.011628 0.996501 -0.082767 -0.840231 -0.978564 0.005680 0.205867 89.677832
0.187215 0.087556 0.978409 2.720579 -0.001628 0.996046 -0.088823 -0.914055 -0.982318 0.015036 0.186618 89.728092
0.164977 0.093551 0.981851 3.127410 0.003559 0.995429 -0.095443 -0.983401 -0.986291 0.019240 0.163890 89.786934
0.144896 0.095919 0.984787 3.580359 -0.002752 0.995325 -0.096540 -0.970423 -0.989443 0.011279 0.144483 89.877478
0.128390 0.095589 0.987106 3.982241 -0.004955 0.995393 -0.095747 -1.019993 -0.991711 0.007402 0.128272 89.945376
0.111465 0.090747 0.989616 4.525929 -0.002249 0.995842 -0.091065 -1.076041 -0.993766 0.007925 0.111206 89.968689
0.098091 0.088202 0.991261 5.032569 0.000921 0.996056 -0.088720 -1.169695 -0.995177 0.009616 0.097623 89.992571
0.088247 0.086752 0.992314 5.534825 0.004684 0.996153 -0.087504 -1.199123 -0.996088 0.012370 0.087501 89.991668
0.075688 0.085894 0.993425 5.960952 0.005817 0.996228 -0.086580 -1.253633 -0.997115 0.012332 0.074903 90.047065
0.070810 0.084967 0.993864 6.477507 0.016815 0.996122 -0.086358 -1.259549 -0.997348 0.022827 0.069107 90.108060
0.065065 0.083496 0.994382 7.026535 0.018306 0.996226 -0.084848 -1.271029 -0.997713 0.023724 0.063291 90.150457
0.057946 0.081250 0.995008 7.519635 0.022409 0.996326 -0.082663 -1.255686 -0.998068 0.027087 0.055913 90.180847
0.053257 0.081054 0.995286 8.125837 0.022631 0.996346 -0.082351 -1.270276 -0.998324 0.026911 0.051228 90.198154
0.049130 0.081295 0.995478 8.743143 0.023401 0.996315 -0.082518 -1.306182 -0.998518 0.027350 0.047047 90.238591
0.045680 0.080201 0.995731 9.252212 0.024791 0.996374 -0.081390 -1.397256 -0.998648 0.028404 0.043526 90.258716
0.044240 0.081146 0.995720 9.872611 0.023888 0.996325 -0.082256 -1.468011 -0.998735 0.027425 0.042139 90.290796
0.041860 0.079957 0.995919 10.497284 0.032827 0.996144 -0.081355 -1.536888 -0.998584 0.036098 0.039073 90.337826
0.039019 0.078927 0.996117 11.132740 0.027541 0.996412 -0.080029 -1.601474 -0.998859 0.030556 0.036705 90.316528
0.039834 0.076626 0.996264 11.849871 0.041890 0.996051 -0.078285 -1.675065 -0.998328 0.044852 0.036467 90.272466
0.040235 0.079443 0.996027 12.555970 0.041920 0.995822 -0.081120 -1.730148 -0.998311 0.045017 0.036736 90.343660
0.042154 0.081931 0.995746 13.292523 0.042997 0.995560 -0.083736 -1.796710 -0.998185 0.046344 0.038444 90.348656
0.045695 0.080061 0.995742 14.071234 0.035353 0.996029 -0.081707 -1.899315 -0.998330 0.038936 0.042683 90.425154
0.049780 0.076733 0.995808 14.731563 0.026708 0.996586 -0.078128 -2.023247 -0.998403 0.030485 0.047560 90.527471
0.056305 0.074657 0.995618 15.516305 0.018745 0.996946 -0.075817 -2.122385 -0.998238 0.022932 0.054733 90.558679
0.061414 0.069828 0.995667 16.256579 0.025853 0.997104 -0.071523 -2.160470 -0.997777 0.030133 0.059431 90.648920
0.065712 0.068094 0.995512 17.043194 0.023502 0.997286 -0.069766 -2.243781 -0.997562 0.027981 0.063934 90.750525
0.067455 0.067466 0.995439 17.842575 0.021794 0.997373 -0.069074 -2.316697 -0.997484 0.026354 0.065807 90.811821
0.072642 0.071251 0.994810 18.619788 0.012767 0.997297 -0.072362 -2.395990 -0.997276 0.017957 0.071536 90.847240
0.075246 0.079089 0.994024 19.444638 0.016922 0.996605 -0.080575 -2.405275 -0.997021 0.022884 0.073653 90.870618
0.075778 0.081336 0.993802 20.179496 0.017488 0.996406 -0.082882 -2.436265 -0.996971 0.023661 0.074083 90.963586
0.074779 0.080556 0.993941 20.940621 0.015379 0.996520 -0.081922 -2.478574 -0.997082 0.021411 0.073280 91.043608
0.072676 0.080960 0.994064 21.792738 0.017383 0.996446 -0.082425 -2.516879 -0.997204 0.023270 0.071010 91.147160
0.069767 0.079528 0.994388 22.611190 0.010947 0.996696 -0.080480 -2.621988 -0.997503 0.016501 0.068666 91.139328
0.069618 0.078685 0.994466 23.390045 0.010207 0.996776 -0.079583 -2.671255 -0.997522 0.015691 0.068590 91.222577
0.067771 0.079639 0.994517 24.178485 0.006508 0.996753 -0.080261 -2.722957 -0.997680 0.011912 0.067033 91.309129
0.067237 0.081717 0.994385 24.974320 0.002405 0.996624 -0.082064 -2.820224 -0.997734 0.007909 0.066814 91.361154
0.063142 0.084512 0.994420 25.800551 -0.006425 0.996422 -0.084274 -2.929460 -0.997984 -0.001068 0.063459 91.411010
0.060110 0.084357 0.994621 26.622540 -0.007567 0.996433 -0.084053 -3.021222 -0.998163 -0.002473 0.060534 91.477030
0.057222 0.083947 0.994826 27.410849 -0.007275 0.996467 -0.083667 -3.102685 -0.998335 -0.002450 0.057630 91.538294
0.052615 0.083983 0.995077 28.184888 -0.002721 0.996466 -0.083956 -3.189608 -0.998611 0.001710 0.052658 91.568269
0.047839 0.080672 0.995592 28.960049 -0.000034 0.996733 -0.080763 -3.260497 -0.998855 0.003830 0.047686 91.622887
0.040198 0.078075 0.996137 29.785141 0.001914 0.996935 -0.078215 -3.410543 -0.999190 0.005051 0.039925 91.693251
0.031434 0.082857 0.996066 30.599813 0.000711 0.996556 -0.082920 -3.431118 -0.999506 0.003315 0.031266 91.705071
0.020606 0.083699 0.996278 31.399301 0.001751 0.996485 -0.083752 -3.510532 -0.999786 0.003470 0.020387 91.655698
0.011766 0.083266 0.996458 32.190152 -0.000346 0.996527 -0.083268 -3.581226 -0.999931 0.000635 0.011754 91.637476
0.001080 0.082261 0.996610 32.960573 0.001158 0.996610 -0.082262 -3.657902 -0.999999 0.001243 0.000981 91.621330
-0.011799 0.082934 0.996485 33.779661 0.003910 0.996551 -0.082893 -3.677657 -0.999923 0.002918 -0.012083 91.674789
-0.022819 0.082710 0.996312 34.573799 0.006542 0.996563 -0.082581 -3.753810 -0.999718 0.004633 -0.023281 91.712223
-0.032733 0.085448 0.995805 35.377943 0.010498 0.996313 -0.085146 -3.831595 -0.999409 0.007667 -0.033509 91.713218
-0.042808 0.087829 0.995215 36.171739 0.011594 0.996105 -0.087409 -3.976590 -0.999016 0.007797 -0.043660 91.680832
-0.054132 0.088470 0.994607 36.896083 0.012292 0.996051 -0.087929 -4.134015 -0.998458 0.007466 -0.055006 91.652768
-0.062830 0.089877 0.993969 37.587161 0.006788 0.995952 -0.089627 -4.205147 -0.998001 0.001116 -0.063186 91.604418
-0.070131 0.091566 0.993326 38.329527 0.007475 0.995798 -0.091267 -4.303857 -0.997510 0.001025 -0.070521 91.446192
-0.080364 0.090847 0.992617 39.087957 0.007355 0.995865 -0.090549 -4.364688 -0.996738 0.000024 -0.080700 91.445132
-0.088780 0.092866 0.991713 39.894786 0.012003 0.995672 -0.092162 -4.475009 -0.995979 0.003722 -0.089510 91.312713
-0.095933 0.091483 0.991175 40.646653 0.020801 0.995734 -0.089890 -4.590448 -0.995170 0.011994 -0.097427 91.224172
-0.099183 0.091201 0.990881 41.364301 0.036383 0.995458 -0.087981 -4.689216 -0.994404 0.027325 -0.102051 91.147128
-0.102589 0.090714 0.990579 42.076835 0.044052 0.995270 -0.086582 -4.782047 -0.993748 0.034755 -0.106100 91.082419
-0.105531 0.091225 0.990223 42.746818 0.044537 0.995218 -0.086939 -4.863572 -0.993418 0.034927 -0.109090 91.011297
-0.106951 0.091643 0.990032 43.430321 0.045748 0.995142 -0.087174 -4.926856 -0.993211 0.035969 -0.110624 90.951902
-0.106944 0.092745 0.989930 44.109238 0.049497 0.994902 -0.087863 -4.975711 -0.993032 0.039602 -0.110989 90.863159
-0.109407 0.092660 0.989669 44.835222 0.047441 0.994998 -0.087914 -5.078297 -0.992864 0.037333 -0.113255 90.762196
-0.107922 0.095156 0.989595 45.493263 0.048990 0.994709 -0.090305 -5.150587 -0.992952 0.038734 -0.112012 90.638740
-0.102330 0.094426 0.990259 46.092998 0.048949 0.994757 -0.089796 -5.220563 -0.993545 0.039283 -0.106415 90.580497
-0.095845 0.093357 0.991009 46.687803 0.047905 0.994871 -0.089087 -5.292898 -0.994243 0.038936 -0.099825 90.473749
-0.083920 0.093941 0.992035 47.278581 0.048196 0.994764 -0.090123 -5.349328 -0.995306 0.040249 -0.088008 90.472484
-0.069608 0.091687 0.993352 47.885255 0.048823 0.994887 -0.088407 -5.419096 -0.996379 0.042344 -0.073728 90.443103
-0.053548 0.090406 0.994464 48.428213 0.044451 0.995122 -0.088072 -5.483780 -0.997575 0.039489 -0.057306 90.451914
-0.033491 0.090268 0.995354 49.027378 0.043719 0.995092 -0.088774 -5.499666 -0.998482 0.040542 -0.037273 90.459761
-0.010913 0.093396 0.995569 49.618800 0.037332 0.994972 -0.092931 -5.596434 -0.999243 0.036152 -0.014345 90.429917
0.017093 0.092957 0.995523 50.158808 0.032901 0.995077 -0.093480 -5.621285 -0.999312 0.034352 0.013950 90.462263
0.048968 0.094318 0.994337 50.677956 0.024588 0.995116 -0.095603 -5.691875 -0.998498 0.029130 0.046410 90.502665
0.086706 0.092352 0.991944 51.245031 0.018974 0.995360 -0.094328 -5.770573 -0.996053 0.027000 0.084552 90.545391
0.130100 0.090440 0.987367 51.706075 0.010536 0.995649 -0.092587 -5.843481 -0.991445 0.022449 0.128581 90.652828
0.171852 0.080779 0.981805 52.233321 0.008022 0.996485 -0.083390 -5.919767 -0.985090 0.022207 0.170600 90.817423
0.219411 0.079213 0.972412 52.739657 0.005914 0.996572 -0.082515 -5.909387 -0.975615 0.023855 0.218190 90.913237
0.270253 0.078924 0.959549 53.186409 0.001298 0.996604 -0.082337 -5.947542 -0.962789 0.023497 0.269232 91.048771
0.323825 0.078119 0.942886 53.677888 -0.004032 0.996690 -0.081192 -6.013155 -0.946108 0.022490 0.323068 91.271122
0.378735 0.078757 0.922148 54.096521 -0.009137 0.996642 -0.081366 -6.071988 -0.925460 0.022391 0.378183 91.497557
0.440343 0.078658 0.894378 54.473333 -0.012953 0.996608 -0.081272 -6.109394 -0.897736 0.024202 0.439868 91.800336
0.500494 0.080446 0.861994 54.897650 -0.012460 0.996240 -0.085740 -6.131008 -0.865650 0.032172 0.499615 92.154922
0.559138 0.087227 0.824473 55.229578 -0.022558 0.995682 -0.090042 -6.144532 -0.828768 0.031748 0.558691 92.335607
0.614693 0.086858 0.783969 55.558711 -0.028028 0.995696 -0.088340 -6.121427 -0.788268 0.032329 0.614482 92.630873
0.667942 0.084601 0.739389 55.926414 -0.029996 0.995771 -0.086839 -6.138477 -0.743609 0.035825 0.667654 92.986101
0.717821 0.081313 0.691463 56.192193 -0.029580 0.995822 -0.086396 -6.149359 -0.695599 0.041564 0.717227 93.296229
0.762040 0.075716 0.643088 56.496655 -0.033089 0.996396 -0.078104 -6.197513 -0.646684 0.038240 0.761799 93.773706
0.806267 0.070527 0.587332 56.701342 -0.037431 0.996960 -0.068331 -6.217505 -0.590366 0.033109 0.806457 94.181437
0.843044 0.071196 0.533112 56.889382 -0.043749 0.996993 -0.063964 -6.284233 -0.536063 0.030602 0.843623 94.652933
0.874984 0.071226 0.478884 57.094426 -0.051108 0.997181 -0.054934 -6.325928 -0.481447 0.023592 0.876158 95.058198
0.901301 0.072825 0.427029 57.278599 -0.057286 0.997148 -0.049143 -6.361992 -0.429390 0.019830 0.902901 95.518047
0.921781 0.076900 0.380008 57.364226 -0.066351 0.996962 -0.040803 -6.437513 -0.381991 0.012397 0.924083 95.949585
0.937088 0.083907 0.338861 57.531019 -0.076559 0.996450 -0.035018 -6.437423 -0.340596 0.006872 0.940185 96.418583
0.949851 0.082614 0.301591 57.613118 -0.078275 0.996580 -0.026466 -6.485054 -0.302747 0.001532 0.953070 96.911692
0.960958 0.077979 0.265480 57.612151 -0.074477 0.996952 -0.023250 -6.411873 -0.266484 0.002570 0.963836 97.430366
0.967848 0.073682 0.240502 57.615851 -0.070652 0.997276 -0.021211 -6.432217 -0.241410 0.003537 0.970417 97.958566
0.972936 0.069656 0.220324 57.682136 -0.066895 0.997560 -0.019978 -6.427286 -0.221178 0.004699 0.975222 98.500448
0.974531 0.078056 0.210230 57.838453 -0.075388 0.996940 -0.020689 -6.434599 -0.211201 0.004313 0.977433 99.048739
0.976484 0.081153 0.199734 57.969958 -0.078653 0.996693 -0.020435 -6.472474 -0.200732 0.004245 0.979637 99.516840
0.977540 0.084423 0.193102 58.070600 -0.081808 0.996416 -0.021491 -6.504411 -0.194224 0.005211 0.980943 100.070097
0.977483 0.095319 0.188259 58.119481 -0.093062 0.995443 -0.020813 -6.486938 -0.189385 0.002824 0.981899 100.595338
0.977740 0.099338 0.184813 58.169325 -0.096959 0.995048 -0.021888 -6.507718 -0.186072 0.003481 0.982530 101.175338
0.978394 0.095177 0.183539 58.314570 -0.092036 0.995427 -0.025578 -6.549633 -0.185134 0.008133 0.982680 101.773639
0.978604 0.089826 0.185110 58.478225 -0.085255 0.995828 -0.032527 -6.576839 -0.187260 0.016049 0.982179 102.289798
0.979143 0.078990 0.187189 58.623767 -0.073254 0.996613 -0.037380 -6.614511 -0.189507 0.022888 0.981613 102.814053
0.978314 0.081425 0.190450 58.747177 -0.074975 0.996349 -0.040841 -6.698564 -0.193080 0.025676 0.980847 103.361915
0.977137 0.083348 0.195592 58.799110 -0.077266 0.996265 -0.038539 -6.729297 -0.198074 0.022545 0.979928 103.960242
0.975486 0.084946 0.203006 58.900974 -0.079217 0.996200 -0.036195 -6.813142 -0.205309 0.019226 0.978508 104.625578
0.974244 0.084132 0.209214 58.956877 -0.079265 0.996354 -0.031557 -6.851485 -0.211106 0.014161 0.977360 105.264272
0.973401 0.082107 0.213890 59.037349 -0.077571 0.996549 -0.029527 -6.890962 -0.215576 0.012150 0.976411 105.879998
0.973294 0.077984 0.215910 59.220622 -0.073628 0.996888 -0.028161 -6.929764 -0.217434 0.011512 0.976007 106.494726
0.973409 0.072640 0.217253 59.401420 -0.067526 0.997240 -0.030881 -6.933046 -0.218896 0.015390 0.975627 107.168354
0.973702 0.067067 0.217732 59.547281 -0.059775 0.997414 -0.039914 -6.980912 -0.219846 0.025849 0.975192 107.785419
0.973498 0.079783 0.214329 59.685279 -0.070650 0.996250 -0.049949 -6.973555 -0.217510 0.033483 0.975484 108.442910
0.973809 0.088019 0.209639 59.859589 -0.078312 0.995456 -0.054179 -6.874786 -0.213455 0.036342 0.976277 109.273919
0.974866 0.081265 0.207442 59.997819 -0.071833 0.996028 -0.052617 -6.974231 -0.210894 0.036394 0.976831 109.987643
0.976436 0.067351 0.205028 60.181049 -0.059168 0.997197 -0.045791 -7.025508 -0.207537 0.032581 0.977684 110.734525
0.975754 0.084481 0.201910 60.254804 -0.078450 0.996205 -0.037702 -7.117815 -0.204329 0.020948 0.978678 111.376163
0.975621 0.087662 0.201193 60.345026 -0.082492 0.996013 -0.033954 -7.192632 -0.203368 0.016530 0.978963 112.068493
0.975556 0.087586 0.201542 60.519199 -0.082411 0.996020 -0.033939 -7.207979 -0.203713 0.016500 0.978892 112.786212
0.976211 0.086086 0.198999 60.705431 -0.080919 0.996142 -0.033965 -7.228857 -0.201155 0.017054 0.979411 113.521489
0.977371 0.085380 0.193537 60.897288 -0.079707 0.996134 -0.036927 -7.304871 -0.195942 0.020665 0.980398 114.244163
0.978944 0.080121 0.187749 61.096567 -0.074810 0.996576 -0.035216 -7.370223 -0.189927 0.020429 0.981586 114.961178
0.978991 0.083256 0.186129 61.189258 -0.078206 0.996346 -0.034324 -7.375164 -0.188307 0.019047 0.981925 115.757362
0.979117 0.084173 0.185055 61.369613 -0.079326 0.996287 -0.033455 -7.331414 -0.187184 0.018077 0.982159 116.589121
0.979096 0.092665 0.181063 61.468447 -0.088044 0.995556 -0.033415 -7.307859 -0.183355 0.016775 0.982904 117.363333
0.979150 0.091981 0.181120 61.752406 -0.087432 0.995625 -0.032960 -7.305326 -0.183359 0.016437 0.982909 118.163905
0.978937 0.096612 0.179856 61.951406 -0.092250 0.995206 -0.032477 -7.299352 -0.182131 0.015202 0.983157 118.900984
0.978887 0.099038 0.178805 62.027923 -0.094219 0.994927 -0.035267 -7.416573 -0.181390 0.017675 0.983252 119.624863
0.978168 0.104750 0.179482 62.220239 -0.099755 0.994336 -0.036662 -7.406450 -0.182306 0.017957 0.983078 120.407742
0.978029 0.106595 0.179158 62.357502 -0.101425 0.994125 -0.037796 -7.551418 -0.182134 0.018794 0.983094 121.278212
0.977290 0.110344 0.180908 62.580671 -0.105558 0.993765 -0.035903 -7.553178 -0.183742 0.015991 0.982844 122.068732
0.976762 0.115464 0.180565 62.774629 -0.111168 0.993228 -0.033768 -7.590797 -0.183241 0.012911 0.982983 122.893388
0.976133 0.118087 0.182261 62.913739 -0.113087 0.992872 -0.037627 -7.612593 -0.185405 0.016118 0.982530 123.655365
0.976134 0.117129 0.182875 63.029627 -0.111779 0.992954 -0.039331 -7.652951 -0.186193 0.017950 0.982349 124.528046
0.976455 0.107234 0.187181 63.254899 -0.101433 0.994025 -0.040327 -7.669923 -0.190387 0.020391 0.981497 125.423633
0.977115 0.105724 0.184574 63.360692 -0.099463 0.994117 -0.042884 -7.761484 -0.188023 0.023545 0.981882 126.321592
0.977561 0.100855 0.184941 63.513896 -0.094713 0.994628 -0.041770 -7.816859 -0.188161 0.023316 0.981861 127.146694
0.977482 0.101934 0.184763 63.670836 -0.096525 0.994603 -0.038062 -7.867967 -0.187646 0.019371 0.982046 128.016578
0.977199 0.104157 0.185024 63.802347 -0.099356 0.994434 -0.035059 -7.952902 -0.187646 0.015876 0.982108 128.872344
0.976877 0.104219 0.186682 63.952392 -0.099714 0.994456 -0.033389 -7.982471 -0.189126 0.014002 0.981853 129.673347
0.975709 0.112491 0.187984 64.181775 -0.107725 0.993550 -0.035411 -8.092821 -0.190755 0.014300 0.981533 130.470587
0.976285 0.111584 0.185516 64.349546 -0.104483 0.993384 -0.047653 -8.095296 -0.189606 0.027140 0.981485 131.333783
0.977239 0.105319 0.184152 64.477754 -0.097092 0.993855 -0.053161 -8.172214 -0.188619 0.034072 0.981459 132.194784
0.977134 0.105807 0.184429 64.634064 -0.098364 0.993940 -0.049074 -8.228390 -0.188504 0.029811 0.981620 133.055729
0.978213 0.096403 0.183865 64.883188 -0.091531 0.995193 -0.034825 -8.238529 -0.186339 0.017237 0.982334 133.878789
0.978646 0.089566 0.185016 65.112772 -0.087447 0.995976 -0.019596 -8.235480 -0.186026 0.002999 0.982540 134.701187
0.978515 0.093631 0.183686 65.324878 -0.091553 0.995604 -0.019780 -8.311952 -0.184731 0.002538 0.982786 135.598415
0.978901 0.096370 0.180182 65.433569 -0.092935 0.995294 -0.027431 -8.360769 -0.181978 0.010107 0.983251 136.368749
0.977813 0.109901 0.178334 65.510020 -0.105267 0.993818 -0.035270 -8.342268 -0.181108 0.015715 0.983338 137.227359
0.979774 0.097457 0.174772 65.629244 -0.091933 0.994983 -0.039451 -8.462392 -0.177740 0.022586 0.983818 137.973367
0.979844 0.097791 0.174193 65.767798 -0.092858 0.995019 -0.036266 -8.477643 -0.176872 0.019359 0.984043 138.827507
0.981251 0.090227 0.170309 65.852635 -0.084971 0.995662 -0.037920 -8.572178 -0.172992 0.022738 0.984661 139.602244
0.980611 0.106101 0.164758 65.990771 -0.101538 0.994184 -0.035902 -8.614252 -0.167609 0.018477 0.985680 140.419933
0.980902 0.107370 0.162181 66.129680 -0.102878 0.994047 -0.035867 -8.626250 -0.165066 0.018497 0.986109 141.223015
0.980362 0.114277 0.160720 66.237527 -0.110104 0.993315 -0.034664 -8.693112 -0.163607 0.016288 0.986391 142.000843
0.980548 0.114059 0.159739 66.359547 -0.110241 0.993370 -0.032595 -8.786989 -0.162398 0.014352 0.986621 142.876315
0.980616 0.113467 0.159742 66.425260 -0.110142 0.993477 -0.029546 -8.814999 -0.162052 0.011379 0.986717 143.669316
0.980780 0.113376 0.158795 66.584544 -0.110091 0.993488 -0.029362 -8.774225 -0.161090 0.011315 0.986875 144.560980
0.981587 0.110464 0.155832 66.674749 -0.107080 0.993799 -0.029971 -8.923746 -0.158177 0.012733 0.987329 145.378528
0.983313 0.105903 0.147919 66.806319 -0.101668 0.994169 -0.035928 -8.969162 -0.150861 0.020290 0.988347 146.179133
0.984793 0.099124 0.142678 66.880513 -0.094839 0.994822 -0.036539 -9.022356 -0.145561 0.022452 0.989094 146.924317
0.986319 0.091965 0.136810 66.998027 -0.088303 0.995560 -0.032614 -9.045557 -0.139202 0.020087 0.990060 147.737658
0.987273 0.092209 0.129578 67.119209 -0.089535 0.995636 -0.026324 -9.022157 -0.131440 0.014387 0.991220 148.458298
0.987541 0.096643 0.124193 67.232059 -0.094970 0.995292 -0.019334 -9.020601 -0.125477 0.007299 0.992070 149.194709
0.988039 0.099138 0.118115 67.278831 -0.097974 0.995066 -0.015631 -9.000489 -0.119082 0.003872 0.992877 149.928565
0.988481 0.100210 0.113412 67.316243 -0.098770 0.994943 -0.018257 -9.020054 -0.114668 0.006845 0.993380 150.712939
0.988677 0.101363 0.110651 67.327658 -0.099643 0.994802 -0.020982 -9.048413 -0.112202 0.009719 0.993638 151.588860
0.990577 0.087530 0.105338 67.338125 -0.085561 0.996066 -0.023080 -9.113419 -0.106943 0.013850 0.994169 152.462162
0.992173 0.077623 0.097815 67.415283 -0.075711 0.996862 -0.023116 -9.141080 -0.099302 0.015529 0.994936 153.277776
0.992741 0.078853 0.090816 67.496388 -0.077322 0.996800 -0.020255 -9.163831 -0.092122 0.013086 0.995662 154.149120
0.993062 0.081513 0.084753 67.576058 -0.079752 0.996527 -0.023965 -9.151509 -0.086412 0.017039 0.996114 154.959631
0.993291 0.089904 0.072737 67.614675 -0.088101 0.995728 -0.027630 -9.156077 -0.074910 0.021037 0.996968 155.764941
0.993008 0.098912 0.064440 67.719674 -0.097285 0.994865 -0.027922 -9.191532 -0.066871 0.021458 0.997531 156.642006
0.993109 0.102399 0.057000 67.715672 -0.101093 0.994554 -0.025357 -9.177160 -0.059286 0.019420 0.998052 157.501684
0.993940 0.097879 0.050024 67.731307 -0.097109 0.995118 -0.017602 -9.161387 -0.051503 0.012637 0.998593 158.372221
0.994007 0.101518 0.040542 67.864581 -0.101026 0.994785 -0.014024 -9.217334 -0.041755 0.009844 0.999079 159.176408
0.994063 0.103421 0.033795 67.964921 -0.103139 0.994617 -0.009982 -9.160710 -0.034646 0.006438 0.999379 160.007935
0.994261 0.103191 0.028237 68.036479 -0.103085 0.994659 -0.005190 -9.188221 -0.028622 0.002250 0.999588 160.918784
0.994331 0.104166 0.021340 68.020282 -0.104078 0.994555 -0.005223 -9.200302 -0.021768 0.002972 0.999759 161.816084
0.993790 0.109739 0.018432 68.040198 -0.109534 0.993914 -0.011751 -9.250066 -0.019610 0.009659 0.999761 162.688249
0.993959 0.108793 0.014499 68.058138 -0.108483 0.993883 -0.020676 -9.329673 -0.016659 0.018978 0.999681 163.600983
0.994087 0.107702 0.013820 68.131882 -0.107381 0.993970 -0.022203 -9.402150 -0.016128 0.020588 0.999658 164.417398
0.993902 0.109955 0.008305 68.086522 -0.109853 0.993878 -0.011810 -9.354498 -0.009553 0.010825 0.999896 165.306075
0.993885 0.110168 0.007506 68.045334 -0.110162 0.993913 -0.001304 -9.356539 -0.007604 0.000470 0.999971 166.209844
0.993520 0.113570 0.004363 68.080988 -0.113599 0.993503 0.006885 -9.399493 -0.003553 -0.007336 0.999967 167.033507
0.993341 0.115203 0.001057 68.103000 -0.115208 0.993309 0.008028 -9.376107 -0.000125 -0.008096 0.999967 167.833151
0.993618 0.112664 -0.005467 68.109467 -0.112680 0.993628 -0.002690 -9.455097 0.005129 0.003289 0.999981 168.645217
0.993803 0.110385 -0.013054 68.111091 -0.110479 0.993856 -0.006734 -9.456418 0.012230 0.008134 0.999892 169.462065
0.994402 0.103902 -0.019227 68.084856 -0.104105 0.994518 -0.009837 -9.443257 0.018100 0.011784 0.999767 170.323181
0.994627 0.099942 -0.026992 68.089828 -0.100057 0.994977 -0.002924 -9.411943 0.026565 0.005609 0.999631 171.154692
0.995038 0.093040 -0.035264 68.036976 -0.093042 0.995661 0.001591 -9.443577 0.035259 0.001698 0.999377 171.998177
0.995994 0.080240 -0.039461 68.045782 -0.080153 0.996775 0.003783 -9.479371 0.039637 -0.000605 0.999214 172.829070
0.996491 0.071233 -0.043956 68.000432 -0.071107 0.997459 0.004417 -9.467928 0.044159 -0.001276 0.999024 173.739834
0.996259 0.067976 -0.053369 67.937844 -0.067790 0.997686 0.005284 -9.509141 0.053604 -0.001647 0.998561 174.561647
0.995996 0.065829 -0.060481 67.847549 -0.066016 0.997818 -0.001096 -9.534020 0.060277 0.005085 0.998169 175.480331
0.995791 0.059865 -0.069408 67.790615 -0.060233 0.998179 -0.003223 -9.539549 0.069088 0.007390 0.997583 176.276175
0.994420 0.070424 -0.078545 67.757260 -0.070403 0.997514 0.003034 -9.550461 0.078564 0.002513 0.996906 177.094862
0.993667 0.077644 -0.081221 67.681414 -0.076542 0.996928 0.016606 -9.573646 0.082261 -0.010284 0.996558 177.961510
0.993174 0.077973 -0.086749 67.553062 -0.075999 0.996773 0.025832 -9.559188 0.088483 -0.019063 0.995895 178.858735
0.992460 0.082296 -0.090832 67.488400 -0.080421 0.996469 0.024124 -9.526697 0.092496 -0.016637 0.995574 179.646929
0.991037 0.093777 -0.095137 67.337618 -0.092354 0.995540 0.019263 -9.614924 0.096520 -0.010304 0.995278 180.524494
0.990006 0.102251 -0.097124 67.205837 -0.101753 0.994759 0.010075 -9.594941 0.097645 -0.000092 0.995221 181.351138
0.989360 0.107939 -0.097551 67.235175 -0.107875 0.994147 0.005955 -9.593434 0.097623 0.004632 0.995213 182.185945
0.990520 0.094243 -0.099941 67.211303 -0.094075 0.995545 0.006397 -9.654947 0.100099 0.003065 0.994973 183.043986
0.990983 0.088852 -0.100294 67.177417 -0.088239 0.996044 0.010541 -9.710008 0.100833 -0.001596 0.994902 183.935519
0.991157 0.086711 -0.100441 67.101732 -0.085683 0.996217 0.014507 -9.728986 0.101319 -0.005773 0.994837 184.685690
0.990704 0.095629 -0.096752 67.126063 -0.095575 0.995409 0.005196 -9.777115 0.096805 0.004099 0.995295 185.529854
0.991285 0.084452 -0.101106 67.094394 -0.084688 0.996406 0.001969 -9.823376 0.100909 0.006611 0.994874 186.294916
0.991157 0.081794 -0.104486 67.032556 -0.083083 0.996510 -0.008031 -9.893415 0.103465 0.016641 0.994494 187.163207
0.992078 0.067634 -0.105861 67.008090 -0.069182 0.997543 -0.011013 -9.922534 0.104856 0.018250 0.994320 188.041822
0.992742 0.054094 -0.107407 66.977402 -0.055461 0.998413 -0.009772 -9.951391 0.106708 0.015658 0.994167 188.964614
0.992595 0.055636 -0.107977 66.866532 -0.056277 0.998411 -0.002901 -9.969221 0.107644 0.008956 0.994149 189.841343
0.992517 0.053837 -0.109601 66.751045 -0.054367 0.998519 -0.001849 -10.071993 0.109339 0.007794 0.993974 190.716980
0.993055 0.042478 -0.109712 66.660489 -0.043303 0.999049 -0.005144 -10.097585 0.109389 0.009859 0.993950 191.533547
0.992278 0.055918 -0.110710 66.444839 -0.056899 0.998364 -0.005713 -10.051530 0.110210 0.011968 0.993836 192.324677
0.992162 0.058602 -0.110366 66.329577 -0.059549 0.998211 -0.005310 -10.068106 0.109857 0.011840 0.993877 193.177908
0.992219 0.061648 -0.108167 66.243034 -0.062292 0.998055 -0.002583 -10.078677 0.107797 0.009301 0.994129 194.084699
0.992356 0.056685 -0.109621 66.196236 -0.057223 0.998360 -0.001766 -10.069628 0.109341 0.008025 0.993972 194.853126
0.992878 0.053619 -0.106387 66.104728 -0.053922 0.998545 0.000027 -10.081130 0.106233 0.005710 0.994325 195.652391
0.992581 0.057738 -0.106999 65.947629 -0.058088 0.998311 -0.000156 -10.090298 0.106809 0.006370 0.994259 196.368528
0.992991 0.050771 -0.106733 65.870323 -0.051284 0.998682 -0.002066 -10.160662 0.106487 0.007526 0.994286 197.174383
0.993169 0.044814 -0.107739 65.739968 -0.045458 0.998960 -0.003532 -10.188294 0.107469 0.008406 0.994173 197.961962
0.992154 0.059343 -0.110038 65.629023 -0.060218 0.998174 -0.004639 -10.150614 0.109561 0.011229 0.993917 198.781086
0.991797 0.059821 -0.112961 65.545930 -0.059815 0.998204 0.003444 -10.151037 0.112964 0.003341 0.993593 199.690016
0.991974 0.052467 -0.115045 65.453063 -0.051675 0.998615 0.009864 -10.196844 0.115403 -0.003840 0.993311 200.576806
0.992665 0.035808 -0.115474 65.289214 -0.035052 0.999349 0.008572 -10.219724 0.115705 -0.004462 0.993274 201.379944
