1.000000 0.000000 0.000000 0.000000 0.000000 1.000000 0.000000 0.000000 0.000000 0.000000 1.000000 0.000000
0.999989 -0.003651 -0.002908 -0.031171 0.003647 0.999993 -0.001074 -0.009602 0.002912 0.001063 0.999995 0.677360
0.999959 -0.002304 -0.008701 -0.045666 0.002269 0.999990 -0.003980 -0.032573 0.008710 0.003960 0.999954 1.428148
0.999915 -0.002469 -0.012803 -0.095379 0.002424 0.999991 -0.003508 -0.003056 0.012812 0.003477 0.999912 2.209010
0.999842 0.002884 -0.017535 -0.118986 -0.002947 0.999989 -0.003588 -0.025771 0.017524 0.003639 0.999840 2.925403
0.999734 0.000849 -0.023032 -0.182736 -0.000898 0.999997 -0.002091 -0.025296 0.023030 0.002111 0.999733 3.673975
0.999593 0.002403 -0.028414 -0.217780 -0.002492 0.999992 -0.003089 -0.015700 0.028406 0.003159 0.999591 4.411493
0.999454 0.005977 -0.032509 -0.220854 -0.006096 0.999975 -0.003551 -0.049592 0.032487 0.003747 0.999465 5.203820
0.999315 0.004510 -0.036738 -0.222655 -0.004623 0.999985 -0.002980 -0.054028 0.036724 0.003148 0.999321 6.030462
0.999163 0.003969 -0.040703 -0.269021 -0.004038 0.999991 -0.001613 -0.078915 0.040696 0.001776 0.999170 6.823006
0.999033 0.003866 -0.043785 -0.331975 -0.003802 0.999992 0.001532 -0.077046 0.043791 -0.001364 0.999040 7.643854
0.998865 0.005207 -0.047351 -0.401725 -0.005083 0.999983 0.002722 -0.044288 0.047364 -0.002478 0.998875 8.501741
0.998677 0.007615 -0.050860 -0.449458 -0.007538 0.999970 0.001710 -0.060796 0.050871 -0.001325 0.998704 9.423253
0.998533 0.007818 -0.053579 -0.488240 -0.007693 0.999967 0.002541 -0.091823 0.053597 -0.002125 0.998560 10.326661
0.998458 0.007648 -0.054982 -0.548847 -0.007489 0.999967 0.003094 -0.086957 0.055004 -0.002678 0.998483 11.239091
0.998335 0.000988 -0.057679 -0.620484 -0.000777 0.999993 0.003689 -0.048312 0.057683 -0.003638 0.998328 12.158866
0.998179 0.005218 -0.060098 -0.671033 -0.005122 0.999985 0.001753 -0.073848 0.060106 -0.001442 0.998191 13.044706
0.997983 0.009420 -0.062784 -0.724084 -0.009466 0.999955 -0.000440 -0.074250 0.062777 0.001033 0.998027 13.901401
0.997849 0.011537 -0.064539 -0.811321 -0.011684 0.999930 -0.001894 -0.072673 0.064512 0.002644 0.997913 14.762381
0.997785 0.014124 -0.065011 -0.888150 -0.014320 0.999894 -0.002547 -0.100022 0.064968 0.003472 0.997881 15.655752
0.997707 0.015340 -0.065921 -0.952843 -0.015466 0.999879 -0.001401 -0.086300 0.065891 0.002417 0.997824 16.576214
0.997661 0.014402 -0.066827 -1.030029 -0.014480 0.999895 -0.000688 -0.097957 0.066810 0.001654 0.997764 17.469377
0.997589 0.016091 -0.067501 -1.110703 -0.016110 0.999870 0.000268 -0.123345 0.067496 0.000820 0.997719 18.391733
0.997501 0.014818 -0.069077 -1.232924 -0.014798 0.999890 0.000794 -0.110398 0.069081 0.000230 0.997611 19.323410
0.997541 0.010845 -0.069241 -1.224769 -0.010787 0.999941 0.001214 -0.122471 0.069250 -0.000464 0.997599 20.245284
0.997569 0.010107 -0.068942 -1.311369 -0.009939 0.999947 0.002778 -0.127126 0.068967 -0.002086 0.997617 21.208552
0.997559 0.008107 -0.069356 -1.418517 -0.007788 0.999958 0.004872 -0.126089 0.069393 -0.004320 0.997580 22.200912
0.997498 0.007252 -0.070315 -1.434854 -0.006705 0.999945 0.008015 -0.114830 0.070369 -0.007524 0.997493 23.171830
0.997618 0.006077 -0.068713 -1.557970 -0.005252 0.999912 0.012190 -0.113307 0.068781 -0.011800 0.997562 24.094874
0.997739 0.006099 -0.066934 -1.590988 -0.005207 0.999895 0.013494 -0.088142 0.067010 -0.013114 0.997666 25.051571
0.997875 0.006980 -0.064786 -1.644228 -0.006253 0.999915 0.011426 -0.111920 0.064860 -0.010997 0.997834 25.996340
0.997891 0.009309 -0.064244 -1.740662 -0.008833 0.999931 0.007682 -0.102283 0.064311 -0.007099 0.997905 26.957281
0.998042 0.007462 -0.062101 -1.827741 -0.007051 0.999952 0.006839 -0.115382 0.062149 -0.006388 0.998046 27.882024
0.998079 0.003335 -0.061863 -1.878591 -0.002871 0.999967 0.007594 -0.136948 0.061886 -0.007402 0.998056 28.838548
0.998201 0.000156 -0.059957 -1.960913 0.000617 0.999917 0.012876 -0.156675 0.059954 -0.012890 0.998118 29.848625
0.998126 -0.001014 -0.061192 -2.037770 0.002075 0.999848 0.017288 -0.188692 0.061165 -0.017382 0.997976 30.827035
0.998032 -0.009747 -0.061944 -2.081245 0.010900 0.999773 0.018303 -0.221416 0.061752 -0.018942 0.997912 31.778614
0.998057 -0.007715 -0.061823 -2.135360 0.008640 0.999855 0.014707 -0.209139 0.061700 -0.015213 0.997979 32.795031
0.997973 -0.005937 -0.063359 -2.220098 0.006618 0.999923 0.010543 -0.186714 0.063292 -0.010941 0.997935 33.771353
0.997847 -0.005596 -0.065342 -2.268907 0.006294 0.999925 0.010485 -0.166830 0.065278 -0.010874 0.997808 34.807447
0.997841 -0.000570 -0.065667 -2.341547 0.001370 0.999925 0.012130 -0.192294 0.065655 -0.012194 0.997768 35.846086
0.997773 0.001983 -0.066672 -2.408921 -0.000958 0.999881 0.015398 -0.162034 0.066694 -0.015299 0.997656 36.846649
0.997645 0.003582 -0.068501 -2.497880 -0.002458 0.999861 0.016475 -0.159425 0.068550 -0.016267 0.997515 37.888777
0.997657 0.002497 -0.068371 -2.580004 -0.001205 0.999820 0.018932 -0.146544 0.068406 -0.018806 0.997480 38.847651
0.997750 0.001861 -0.067020 -2.625158 -0.000426 0.999770 0.021419 -0.139505 0.067044 -0.021342 0.997522 39.869186
0.997713 0.004978 -0.067407 -2.728342 -0.003441 0.999732 0.022913 -0.129667 0.067503 -0.022629 0.997462 40.947880
0.997782 0.004496 -0.066414 -2.809411 -0.002991 0.999737 0.022740 -0.114273 0.066499 -0.022491 0.997533 41.948544
0.997846 0.000319 -0.065596 -2.849524 0.001182 0.999738 0.022841 -0.104367 0.065587 -0.022869 0.997585 42.952235
0.997843 0.002784 -0.065584 -2.911935 -0.001371 0.999766 0.021576 -0.110895 0.065629 -0.021440 0.997614 43.957615
0.997735 0.000704 -0.067269 -3.010332 0.000702 0.999782 0.020867 -0.085391 0.067269 -0.020867 0.997517 45.041944
0.997754 0.000496 -0.066988 -3.081603 0.001021 0.999744 0.022611 -0.080534 0.066982 -0.022628 0.997498 46.045229
0.997705 0.002271 -0.067672 -3.157161 -0.000724 0.999738 0.022877 -0.074746 0.067706 -0.022775 0.997445 47.065877
0.997732 0.004677 -0.067150 -3.251777 -0.003275 0.999775 0.020981 -0.093116 0.067233 -0.020713 0.997522 48.108183
0.997637 0.011223 -0.067789 -3.321681 -0.010128 0.999813 0.016474 -0.108410 0.067961 -0.015749 0.997564 49.148329
0.997713 0.010995 -0.066686 -3.417779 -0.009879 0.999806 0.017036 -0.118832 0.066860 -0.016339 0.997629 50.139234
0.997580 0.011655 -0.068544 -3.452106 -0.010381 0.999767 0.018919 -0.134371 0.068748 -0.018162 0.997469 51.064735
0.997631 0.010273 -0.068027 -3.514257 -0.008856 0.999738 0.021105 -0.162137 0.068226 -0.020452 0.997460 52.086603
0.997541 0.014084 -0.068653 -3.584427 -0.012602 0.999679 0.021976 -0.195843 0.068940 -0.021056 0.997399 53.064026
0.997479 0.014223 -0.069529 -3.636824 -0.012832 0.999709 0.020425 -0.241829 0.069799 -0.019481 0.997371 54.047267
0.997478 0.010365 -0.070209 -3.692401 -0.009067 0.999782 0.018791 -0.218355 0.070388 -0.018107 0.997355 55.022006
0.997515 0.009830 -0.069760 -3.763065 -0.008450 0.999763 0.020051 -0.212745 0.069940 -0.019412 0.997362 55.975514
0.997526 0.006546 -0.069986 -3.816309 -0.004915 0.999713 0.023450 -0.208616 0.070120 -0.023048 0.997272 56.960828
0.997474 -0.000339 -0.071027 -3.899521 0.002188 0.999661 0.025950 -0.171858 0.070994 -0.026040 0.997137 57.947508
0.997488 0.000385 -0.070835 -3.965869 0.001668 0.999580 0.028922 -0.171022 0.070817 -0.028968 0.997069 58.916604
0.997470 0.003762 -0.070993 -4.045482 -0.001883 0.999647 0.026520 -0.169000 0.071068 -0.026319 0.997124 59.855923
0.997399 0.006409 -0.071792 -4.141448 -0.004703 0.999703 0.023901 -0.160953 0.071924 -0.023501 0.997133 60.756379
0.997360 0.012074 -0.071600 -4.229380 -0.010842 0.999787 0.017563 -0.183329 0.071797 -0.016740 0.997279 61.666322
0.997183 0.013517 -0.073773 -4.341407 -0.012276 0.999776 0.017256 -0.159071 0.073990 -0.016302 0.997126 62.576366
0.997028 0.013674 -0.075820 -4.419754 -0.012192 0.999726 0.019980 -0.151026 0.076072 -0.018996 0.996921 63.487576
0.996945 0.012267 -0.077142 -4.485445 -0.010694 0.999727 0.020764 -0.165810 0.077376 -0.019876 0.996804 64.373843
0.996779 0.018139 -0.078116 -4.531665 -0.016408 0.999607 0.022746 -0.184032 0.078498 -0.021391 0.996685 65.264368
0.996562 0.021030 -0.080139 -4.615152 -0.019229 0.999547 0.023171 -0.206123 0.080590 -0.021550 0.996514 66.137218
0.996440 0.021082 -0.081625 -4.676297 -0.019228 0.999540 0.023440 -0.189007 0.082082 -0.021787 0.996387 67.023794
0.996335 0.019124 -0.083369 -4.776222 -0.017181 0.999565 0.023965 -0.182754 0.083792 -0.022445 0.996230 67.882550
0.996288 0.018576 -0.084060 -4.821106 -0.016587 0.999567 0.024302 -0.197707 0.084475 -0.022818 0.996164 68.621730
0.996109 0.017735 -0.086330 -4.890938 -0.015535 0.999539 0.026085 -0.199446 0.086753 -0.024642 0.995925 69.412230
0.996017 0.016261 -0.087671 -4.998091 -0.013892 0.999524 0.027559 -0.196643 0.088077 -0.026231 0.995768 70.212708
0.995861 0.018357 -0.089017 -5.044539 -0.015787 0.999441 0.029485 -0.201815 0.089509 -0.027957 0.995594 70.965422
0.995690 0.020872 -0.090368 -5.126887 -0.018520 0.999470 0.026787 -0.180740 0.090879 -0.024998 0.995548 71.668154
0.995471 0.024480 -0.091865 -5.218044 -0.022649 0.999524 0.020926 -0.173851 0.092333 -0.018751 0.995552 72.463826
0.995308 0.027796 -0.092681 -5.308459 -0.026506 0.999534 0.015127 -0.173383 0.093058 -0.012599 0.995581 73.208481
0.995024 0.032856 -0.094062 -5.350809 -0.031754 0.999409 0.013191 -0.201920 0.094440 -0.010139 0.995479 73.869590
0.994867 0.033977 -0.095321 -5.410751 -0.032538 0.999333 0.016606 -0.199142 0.095822 -0.013419 0.995308 74.542498
0.994814 0.029700 -0.097280 -5.494295 -0.028020 0.999434 0.018592 -0.191985 0.097777 -0.015770 0.995083 75.166388
0.994592 0.031514 -0.098959 -5.556730 -0.029987 0.999408 0.016884 -0.211837 0.099433 -0.013825 0.994948 75.857201
0.994896 0.023039 -0.098245 -5.586641 -0.021741 0.999662 0.014265 -0.207588 0.098540 -0.012056 0.995060 76.458899
0.995088 0.021229 -0.096687 -5.632926 -0.020271 0.999735 0.010877 -0.228521 0.096892 -0.008863 0.995255 77.063727
0.995268 0.023306 -0.094333 -5.669765 -0.022350 0.999688 0.011182 -0.247222 0.094565 -0.009021 0.995478 77.683934
0.995657 0.026901 -0.089122 -5.703614 -0.025910 0.999589 0.012249 -0.266056 0.089415 -0.009887 0.995945 78.273988
0.996035 0.027938 -0.084467 -5.740649 -0.026717 0.999522 0.015547 -0.276463 0.084861 -0.013229 0.996305 78.844437
0.996587 0.024243 -0.078913 -5.739489 -0.022813 0.999560 0.018967 -0.284622 0.079338 -0.017102 0.996701 79.381183
0.997343 0.020158 -0.070010 -5.785028 -0.018523 0.999542 0.023920 -0.259154 0.070460 -0.022560 0.997259 79.896820
0.998014 0.021083 -0.059362 -5.815789 -0.019686 0.999518 0.024012 -0.258257 0.059840 -0.022795 0.997948 80.354962
0.998711 0.023167 -0.045167 -5.856576 -0.022100 0.999468 0.023986 -0.232016 0.045699 -0.022957 0.998691 80.849562
0.999151 0.029799 -0.028445 -5.876078 -0.029120 0.999288 0.023970 -0.237305 0.029139 -0.023121 0.999308 81.329821
0.999541 0.029644 -0.006218 -5.820249 -0.029481 0.999256 0.024878 -0.241284 0.006951 -0.024684 0.999671 81.750962
0.999445 0.026290 0.020467 -5.790922 -0.026816 0.999306 0.025843 -0.275137 -0.019773 -0.026378 0.999456 82.213192
0.998447 0.024812 0.049887 -5.746261 -0.026152 0.999310 0.026388 -0.268276 -0.049198 -0.027652 0.998406 82.665682
0.996330 0.024394 0.082041 -5.679567 -0.026685 0.999281 0.026949 -0.258702 -0.081324 -0.029039 0.996265 83.105227
0.992548 0.025349 0.119187 -5.618464 -0.028709 0.999235 0.026558 -0.280400 -0.118422 -0.029782 0.992517 83.530945
0.986814 0.026002 0.159754 -5.541904 -0.030321 0.999236 0.024655 -0.281020 -0.158990 -0.029174 0.986849 83.931240
0.978225 0.026022 0.205910 -5.418167 -0.031442 0.999239 0.023094 -0.281616 -0.205152 -0.029065 0.978298 84.284522
0.966935 0.028618 0.253412 -5.322212 -0.034495 0.999228 0.018780 -0.279184 -0.252679 -0.026901 0.967176 84.668558
0.951604 0.027564 0.306088 -5.206673 -0.034052 0.999294 0.015876 -0.234338 -0.305434 -0.025531 0.951871 85.019931
0.932055 0.026949 0.361312 -5.011954 -0.034165 0.999324 0.013596 -0.270818 -0.360702 -0.025016 0.932346 85.444593
0.907820 0.027161 0.418480 -4.862786 -0.034651 0.999346 0.010309 -0.252851 -0.417926 -0.023859 0.908168 85.746048
0.878767 0.028126 0.476421 -4.665271 -0.035036 0.999370 0.005626 -0.238178 -0.475963 -0.021636 0.879199 86.115599
0.846048 0.026159 0.532465 -4.341899 -0.033163 0.999444 0.003593 -0.271767 -0.532075 -0.020698 0.846444 86.405077
0.808844 0.025765 0.587458 -4.073204 -0.032459 0.999473 0.000856 -0.268542 -0.587126 -0.019761 0.809254 86.661059
0.768948 0.025131 0.638817 -3.766718 -0.032079 0.999485 -0.000706 -0.269136 -0.638506 -0.019950 0.769358 86.932480
0.726510 0.023149 0.686766 -3.486760 -0.031537 0.999503 -0.000328 -0.227951 -0.686432 -0.021421 0.726879 87.205876
0.681084 0.022205 0.731869 -3.178841 -0.029985 0.999547 -0.002423 -0.217350 -0.731591 -0.020295 0.681441 87.447449
0.635069 0.020531 0.772183 -2.837385 -0.025548 0.999658 -0.005568 -0.256071 -0.772033 -0.016192 0.635376 87.695753
0.588380 0.019583 0.808347 -2.500793 -0.021058 0.999739 -0.008891 -0.325970 -0.808310 -0.011791 0.588639 87.854230
0.540830 0.019245 0.840912 -2.212826 -0.019192 0.999760 -0.010537 -0.287087 -0.840913 -0.010440 0.541070 88.075010
0.493560 0.019403 0.869495 -1.840165 -0.017521 0.999770 -0.012364 -0.283604 -0.869535 -0.009132 0.493787 88.254110
0.446177 0.020858 0.894702 -1.472160 -0.018784 0.999726 -0.013940 -0.288652 -0.894748 -0.010586 0.446447 88.313479
0.403985 0.018429 0.914580 -1.121013 -0.012333 0.999816 -0.014699 -0.274384 -0.914682 -0.005341 0.404138 88.441187
0.365067 0.011626 0.930908 -0.750430 0.001007 0.999917 -0.012882 -0.301245 -0.930981 0.005640 0.365025 88.484177
0.328788 0.005949 0.944385 -0.370256 0.004610 0.999958 -0.007905 -0.312488 -0.944392 0.006953 0.328747 88.526847
0.296103 0.008916 0.955114 0.011314 0.003968 0.999936 -0.010565 -0.299619 -0.955148 0.006918 0.296049 88.637704
0.264706 0.016263 0.964192 0.394965 -0.006108 0.999866 -0.015187 -0.292190 -0.964310 -0.001869 0.264770 88.703428
0.236119 0.022963 0.971453 0.782258 -0.012159 0.999712 -0.020676 -0.285256 -0.971648 -0.006929 0.236331 88.774571
0.209513 0.025612 0.977470 1.183039 -0.010201 0.999660 -0.024007 -0.340096 -0.977753 -0.004941 0.209703 88.872145
0.185705 0.026393 0.982251 1.602264 -0.004540 0.999652 -0.026002 -0.377351 -0.982595 0.000369 0.185760 88.930631
0.165180 0.030324 0.985797 1.992304 -0.001996 0.999535 -0.030412 -0.395460 -0.986261 0.003056 0.165163 88.996629
0.145691 0.037079 0.988635 2.384502 0.000382 0.999295 -0.037535 -0.438474 -0.989330 0.005846 0.145574 89.016845
0.127755 0.038541 0.991057 2.824063 -0.000638 0.999248 -0.038778 -0.429803 -0.991806 0.004322 0.127684 89.063919
0.112438 0.035661 0.993019 3.274165 0.002735 0.999341 -0.036197 -0.410225 -0.993655 0.006786 0.112266 89.149981
0.097702 0.032173 0.994695 3.774936 0.003117 0.999463 -0.032634 -0.448060 -0.995211 0.006289 0.097549 89.191199
0.085066 0.030799 0.995899 4.278584 0.002421 0.999513 -0.031118 -0.450981 -0.996372 0.005058 0.084950 89.206088
0.072800 0.029911 0.996898 4.722638 0.000455 0.999549 -0.030024 -0.503193 -0.997346 0.002639 0.072754 89.230360
0.062601 0.033131 0.997489 5.235776 0.007764 0.999402 -0.033682 -0.514258 -0.998008 0.009853 0.062307 89.272828
0.052809 0.032797 0.998066 5.747962 0.006138 0.999431 -0.033167 -0.535383 -0.998586 0.007878 0.052578 89.317130
0.048194 0.033230 0.998285 6.320295 0.011169 0.999366 -0.033805 -0.595074 -0.998776 0.012779 0.047792 89.358838
0.041494 0.034833 0.998531 6.920510 0.010152 0.999326 -0.035282 -0.622352 -0.999087 0.011601 0.041113 89.396599
0.033881 0.035902 0.998781 7.524669 0.010874 0.999282 -0.036289 -0.621727 -0.999367 0.012090 0.033466 89.417133
0.028930 0.036441 0.998917 8.146662 0.012401 0.999245 -0.036813 -0.670234 -0.999504 0.013453 0.028457 89.434126
0.026103 0.036751 0.998983 8.771766 0.013385 0.999222 -0.037109 -0.697640 -0.999570 0.014341 0.025591 89.426311
0.021329 0.037326 0.999075 9.356542 0.005038 0.999286 -0.037441 -0.672500 -0.999760 0.005832 0.021126 89.428394
0.019324 0.037391 0.999114 10.033475 0.004521 0.999287 -0.037485 -0.700878 -0.999803 0.005241 0.019141 89.406976
0.017305 0.036619 0.999179 10.687990 0.008409 0.999288 -0.036769 -0.742209 -0.999815 0.009038 0.016985 89.460946
0.018662 0.035309 0.999202 11.441575 0.008780 0.999332 -0.035478 -0.782390 -0.999787 0.009435 0.018339 89.478468
0.021008 0.035055 0.999165 12.177266 0.007939 0.999348 -0.035229 -0.801694 -0.999748 0.008673 0.020716 89.504255
0.025757 0.035912 0.999023 12.930813 0.011515 0.999278 -0.036218 -0.825577 -0.999602 0.012436 0.025325 89.518768
0.028622 0.036841 0.998911 13.703831 0.010558 0.999254 -0.037156 -0.857358 -0.999535 0.011610 0.028212 89.528478
0.032465 0.036227 0.998816 14.452597 0.007484 0.999306 -0.036488 -0.899481 -0.999445 0.008660 0.032171 89.530396
0.035316 0.035731 0.998737 15.208253 0.004879 0.999343 -0.035926 -0.949677 -0.999364 0.006142 0.035118 89.541539
0.039432 0.034055 0.998642 15.969060 0.006867 0.999386 -0.034351 -0.970380 -0.999199 0.008212 0.039174 89.586954
0.043353 0.033475 0.998499 16.759241 0.002236 0.999433 -0.033604 -1.016243 -0.999057 0.003689 0.043254 89.630604
0.049315 0.034857 0.998175 17.612123 -0.001761 0.999392 -0.034812 -1.031152 -0.998782 -0.000041 0.049346 89.661306
0.053152 0.037697 0.997875 18.432391 -0.005269 0.999284 -0.037469 -1.104780 -0.998573 -0.003266 0.053312 89.731362
0.055087 0.042348 0.997583 19.227703 -0.009871 0.999074 -0.041867 -1.189635 -0.998433 -0.007540 0.055454 89.773980
0.053796 0.044999 0.997538 20.029923 -0.010726 0.998953 -0.044484 -1.241581 -0.998494 -0.008306 0.054222 89.848715
0.052592 0.045837 0.997564 20.843127 -0.010318 0.998918 -0.045356 -1.278376 -0.998563 -0.007907 0.053008 89.945611
0.051894 0.044044 0.997681 21.666855 -0.013413 0.998968 -0.043404 -1.313241 -0.998563 -0.011130 0.052431 89.978471
0.050430 0.042403 0.997827 22.484298 -0.015987 0.999005 -0.041645 -1.371618 -0.998600 -0.013852 0.051057 90.014685
0.052260 0.041962 0.997751 23.213639 -0.013792 0.999052 -0.041295 -1.398531 -0.998538 -0.011603 0.052790 90.088004
0.052082 0.040994 0.997801 24.046478 -0.016601 0.999055 -0.040179 -1.430372 -0.998505 -0.014472 0.052714 90.150194
0.051951 0.042490 0.997745 24.878235 -0.023543 0.998869 -0.041312 -1.441060 -0.998372 -0.021344 0.052893 90.194099
0.052197 0.043859 0.997673 25.732338 -0.024934 0.998781 -0.042603 -1.501717 -0.998325 -0.022652 0.053227 90.249620
0.049958 0.044644 0.997753 26.561556 -0.030524 0.998602 -0.043154 -1.546053 -0.998285 -0.028299 0.051251 90.290181
0.046111 0.043938 0.997970 27.385650 -0.030963 0.998615 -0.042536 -1.592307 -0.998456 -0.028938 0.047408 90.297572
0.041243 0.041791 0.998275 28.186965 -0.030575 0.998710 -0.040546 -1.649668 -0.998681 -0.028850 0.042468 90.347295
0.034524 0.040589 0.998579 29.023198 -0.032533 0.998691 -0.039469 -1.743796 -0.998874 -0.031125 0.035800 90.415806
0.027712 0.040143 0.998810 29.892524 -0.033098 0.998682 -0.039220 -1.786043 -0.999068 -0.031972 0.029004 90.417588
0.018798 0.041106 0.998978 30.732216 -0.034774 0.998577 -0.040435 -1.819490 -0.999218 -0.033978 0.020200 90.469029
0.009119 0.040719 0.999129 31.584685 -0.041769 0.998314 -0.040305 -1.889262 -0.999086 -0.041365 0.010804 90.475660
-0.000880 0.040695 0.999171 32.404926 -0.037316 0.998474 -0.040699 -1.905785 -0.999303 -0.037321 0.000640 90.484501
-0.011975 0.040243 0.999118 33.240277 -0.038092 0.998446 -0.040672 -1.960660 -0.999202 -0.038545 -0.010424 90.445893
-0.021723 0.038018 0.999041 33.977979 -0.037386 0.998547 -0.038812 -2.023640 -0.999065 -0.038193 -0.020270 90.440928
-0.033087 0.039596 0.998668 34.842632 -0.036683 0.998494 -0.040805 -2.089929 -0.998779 -0.037984 -0.031584 90.407384
-0.043510 0.040782 0.998220 35.678415 -0.036008 0.998453 -0.042361 -2.136463 -0.998404 -0.037787 -0.041974 90.417286
-0.053130 0.042013 0.997703 36.489614 -0.034759 0.998431 -0.043895 -2.187086 -0.997982 -0.037011 -0.051586 90.374466
-0.064189 0.043329 0.996997 37.302214 -0.035928 0.998309 -0.045699 -2.218719 -0.997291 -0.038754 -0.062524 90.318035
-0.073486 0.044029 0.996324 38.127002 -0.031734 0.998416 -0.046462 -2.266939 -0.996791 -0.035031 -0.071973 90.273525
-0.082984 0.043899 0.995584 38.932178 -0.027728 0.998541 -0.046341 -2.332850 -0.996165 -0.031451 -0.081646 90.226187
-0.092799 0.044092 0.994708 39.700061 -0.025009 0.998601 -0.046598 -2.371667 -0.995371 -0.029201 -0.091567 90.184153
-0.100806 0.044290 0.993920 40.482450 -0.021217 0.998686 -0.046654 -2.428579 -0.994680 -0.025791 -0.099734 90.113759
-0.106906 0.042609 0.993356 41.200537 -0.020761 0.998768 -0.045075 -2.471953 -0.994052 -0.025442 -0.105890 89.999973
-0.111470 0.040299 0.992950 41.859562 -0.017730 0.998938 -0.042532 -2.495153 -0.993610 -0.022346 -0.110637 89.940122
-0.115772 0.039390 0.992494 42.545455 -0.012889 0.999070 -0.041155 -2.544255 -0.993192 -0.017556 -0.115157 89.839308
-0.118657 0.038128 0.992203 43.228163 -0.013816 0.999102 -0.040046 -2.591723 -0.992839 -0.018460 -0.118024 89.759739
-0.120320 0.038447 0.991990 43.937768 -0.009461 0.999160 -0.039872 -2.641670 -0.992690 -0.014182 -0.119855 89.702885
-0.121864 0.038394 0.991804 44.631521 -0.008313 0.999177 -0.039700 -2.666335 -0.992512 -0.013083 -0.121444 89.635961
-0.121659 0.038273 0.991834 45.335518 -0.007592 0.999191 -0.039488 -2.707048 -0.992543 -0.012334 -0.121270 89.531400
-0.119081 0.037725 0.992168 45.974849 -0.009643 0.999187 -0.039150 -2.765264 -0.992838 -0.014230 -0.118621 89.427818
-0.113350 0.036995 0.992866 46.628158 -0.010052 0.999213 -0.038379 -2.799851 -0.993504 -0.014331 -0.112889 89.370744
-0.105080 0.037415 0.993760 47.264986 -0.012110 0.999170 -0.038899 -2.850667 -0.994390 -0.016122 -0.104539 89.313633
-0.094543 0.036203 0.994862 47.797396 -0.013868 0.999194 -0.037679 -2.867911 -0.995424 -0.017359 -0.093964 89.289519
-0.082201 0.036012 0.995965 48.389389 -0.014350 0.999201 -0.037313 -2.929079 -0.996512 -0.017359 -0.081618 89.232256
-0.066029 0.037907 0.997097 48.935711 -0.014462 0.999137 -0.038942 -2.940248 -0.997713 -0.016991 -0.065424 89.239906
-0.044644 0.039426 0.998225 49.476713 -0.017062 0.999045 -0.040221 -3.000410 -0.998857 -0.018827 -0.043929 89.242598
-0.021131 0.042156 0.998888 50.049496 -0.019473 0.998904 -0.042568 -3.042563 -0.999587 -0.020350 -0.020287 89.237212
0.006115 0.044807 0.998977 50.596528 -0.022149 0.998757 -0.044661 -3.047804 -0.999736 -0.021853 0.007100 89.246377
0.039046 0.043872 0.998274 51.105421 -0.024869 0.998769 -0.042921 -3.095678 -0.998928 -0.023151 0.040089 89.265018
0.077185 0.042883 0.996094 51.620776 -0.027325 0.998790 -0.040882 -3.127444 -0.996642 -0.024063 0.078264 89.314113
0.117295 0.038892 0.992335 52.137748 -0.031333 0.998880 -0.035445 -3.164081 -0.992603 -0.026935 0.118382 89.417379
0.161454 0.034554 0.986275 52.687352 -0.035301 0.998949 -0.029219 -3.194033 -0.986249 -0.030099 0.162504 89.554303
0.208803 0.032406 0.977421 53.152737 -0.038514 0.998948 -0.024892 -3.200009 -0.977199 -0.032447 0.209832 89.704442
0.259437 0.030789 0.965269 53.594434 -0.040748 0.998951 -0.020911 -3.205485 -0.964900 -0.033908 0.260420 89.855126
0.313378 0.029412 0.949173 54.046337 -0.041238 0.998999 -0.017341 -3.212271 -0.948733 -0.033708 0.314277 90.047715
0.369076 0.030209 0.928908 54.453618 -0.039342 0.999084 -0.016860 -3.237205 -0.928566 -0.030323 0.369926 90.302375
0.430398 0.034866 0.901966 54.834985 -0.040728 0.998986 -0.019182 -3.250493 -0.901720 -0.028480 0.431381 90.555537
0.488898 0.036836 0.871563 55.240934 -0.037342 0.999076 -0.021278 -3.255615 -0.871541 -0.022143 0.489822 90.864501
0.547493 0.040101 0.835849 55.623808 -0.040768 0.998943 -0.021222 -3.271737 -0.835817 -0.022457 0.548549 91.166864
0.603708 0.041828 0.796108 55.945544 -0.042413 0.998894 -0.020319 -3.288673 -0.796077 -0.021499 0.604814 91.551114
0.658132 0.041542 0.751756 56.284357 -0.043221 0.998915 -0.017362 -3.306693 -0.751661 -0.021065 0.659213 91.908211
0.709427 0.040688 0.703603 56.570202 -0.042917 0.998973 -0.014497 -3.330338 -0.703471 -0.019913 0.710445 92.300014
0.755027 0.035905 0.654710 56.895257 -0.043031 0.999060 -0.005164 -3.368465 -0.654280 -0.024274 0.755863 92.712550
0.797767 0.030013 0.602218 57.123911 -0.041624 0.999119 0.005348 -3.374760 -0.601527 -0.029333 0.798314 93.122386
0.834701 0.026676 0.550056 57.298532 -0.040902 0.999070 0.013616 -3.383700 -0.549182 -0.033864 0.835016 93.544894
0.866701 0.024221 0.498240 57.509777 -0.040569 0.998934 0.022010 -3.362754 -0.497176 -0.039289 0.866760 93.973195
0.892991 0.024046 0.449432 57.689782 -0.041730 0.998694 0.029482 -3.367550 -0.448136 -0.045082 0.892828 94.429524
0.914699 0.025228 0.403347 57.812139 -0.042503 0.998520 0.033934 -3.381934 -0.401893 -0.048183 0.914418 94.853898
0.931213 0.030468 0.363200 57.961913 -0.046699 0.998260 0.035990 -3.315322 -0.361472 -0.050475 0.931016 95.345165
0.943947 0.035923 0.328136 58.100248 -0.050820 0.998025 0.036933 -3.296804 -0.326161 -0.051539 0.943908 95.799903
0.954213 0.038209 0.296678 58.210755 -0.051303 0.998017 0.036473 -3.227461 -0.294697 -0.050023 0.954281 96.259544
0.960918 0.033718 0.274771 58.331947 -0.046048 0.998195 0.038546 -3.238159 -0.272975 -0.049692 0.960737 96.790184
0.965574 0.027787 0.258639 58.452556 -0.039216 0.998464 0.039133 -3.268574 -0.257154 -0.047929 0.965181 97.245867
0.968765 0.031063 0.246028 58.564504 -0.042271 0.998289 0.040407 -3.225068 -0.244351 -0.049545 0.968420 97.740599
0.970749 0.037273 0.237187 58.663622 -0.048196 0.998020 0.040416 -3.230498 -0.235211 -0.050665 0.970623 98.271394
0.971974 0.044940 0.230753 58.749588 -0.056041 0.997554 0.041778 -3.214974 -0.228311 -0.053539 0.972115 98.780930
0.972143 0.053448 0.228211 58.849739 -0.063947 0.997197 0.038857 -3.190975 -0.225495 -0.052368 0.972836 99.326090
0.972433 0.055281 0.226536 58.957810 -0.065333 0.997173 0.037112 -3.177455 -0.223844 -0.050889 0.973296 99.912391
0.972114 0.055014 0.227963 59.141623 -0.064713 0.997280 0.035286 -3.155481 -0.225402 -0.049055 0.973030 100.485673
0.971794 0.053261 0.229737 59.301819 -0.061981 0.997599 0.030903 -3.151385 -0.227540 -0.044270 0.972762 101.081196
0.970779 0.052295 0.234209 59.423739 -0.060719 0.997737 0.028895 -3.143768 -0.232168 -0.042272 0.971757 101.664787
0.969095 0.061589 0.238877 59.571995 -0.070207 0.997147 0.027730 -3.091183 -0.236488 -0.043644 0.970654 102.291897
0.967921 0.064011 0.242963 59.728412 -0.073814 0.996776 0.031452 -3.087483 -0.240167 -0.048377 0.969525 102.873241
0.966703 0.060961 0.248534 59.902338 -0.071623 0.996849 0.034077 -3.103154 -0.245673 -0.050743 0.968024 103.508786
0.966055 0.055978 0.252200 60.074280 -0.068130 0.996886 0.039706 -3.071614 -0.249192 -0.055541 0.966860 104.135081
0.965253 0.053198 0.255845 60.257913 -0.066035 0.996940 0.041841 -3.038108 -0.252836 -0.057282 0.965812 104.756430
0.965027 0.045612 0.258154 60.428056 -0.058814 0.997314 0.043645 -3.016825 -0.255470 -0.057302 0.965118 105.435460
0.965368 0.043165 0.257298 60.624402 -0.056083 0.997496 0.043079 -3.008752 -0.254794 -0.056017 0.965371 106.143181
0.965455 0.039090 0.257621 60.820481 -0.050597 0.997989 0.038185 -2.995306 -0.255610 -0.049900 0.965491 106.760138
0.965920 0.038115 0.256020 60.995094 -0.047793 0.998355 0.031686 -2.991683 -0.254391 -0.042842 0.966152 107.420460
0.966146 0.041159 0.254692 61.153774 -0.049602 0.998409 0.026812 -2.983946 -0.253183 -0.038538 0.966650 108.113121
0.967226 0.036860 0.251226 61.356163 -0.045602 0.998537 0.029065 -2.953555 -0.249787 -0.039569 0.967492 108.795879
0.967742 0.030933 0.250037 61.532450 -0.041109 0.998521 0.035576 -2.925431 -0.248567 -0.044707 0.967582 109.483171
0.968227 0.027487 0.248558 61.658753 -0.038804 0.998416 0.040746 -2.913189 -0.247045 -0.049097 0.967759 110.155608
0.968513 0.030969 0.247030 61.837362 -0.042326 0.998271 0.040792 -2.902049 -0.245340 -0.049964 0.968149 110.900270
0.968789 0.035056 0.245395 62.036645 -0.045247 0.998326 0.036015 -2.881669 -0.243722 -0.045994 0.968754 111.647263
0.969626 0.034364 0.242166 62.182056 -0.043625 0.998503 0.032983 -2.875816 -0.240670 -0.042546 0.969674 112.414432
0.970915 0.034372 0.236945 62.405021 -0.042543 0.998660 0.029459 -2.824172 -0.235615 -0.038683 0.971076 113.177328
0.972130 0.033358 0.232056 62.587902 -0.041792 0.998629 0.031523 -2.789621 -0.230686 -0.040342 0.972192 113.909360
0.973304 0.027188 0.227905 62.758943 -0.035667 0.998813 0.033170 -2.787010 -0.226732 -0.040413 0.973118 114.707082
0.973946 0.026815 0.225188 62.966110 -0.035706 0.998731 0.035504 -2.753787 -0.223951 -0.042619 0.973668 115.472000
0.974169 0.025009 0.224430 63.129359 -0.034203 0.998723 0.037169 -2.743057 -0.223214 -0.043885 0.973781 116.237895
0.974456 0.024047 0.223288 63.316599 -0.033510 0.998689 0.038687 -2.725947 -0.222065 -0.045182 0.973984 117.042623
0.974501 0.024641 0.223024 63.453658 -0.034413 0.998605 0.040036 -2.693678 -0.221727 -0.046690 0.973990 117.873351
0.974259 0.026951 0.223817 63.637741 -0.036655 0.998554 0.039315 -2.698213 -0.222434 -0.046507 0.973838 118.723972
0.973995 0.033562 0.224068 63.813008 -0.042915 0.998393 0.037004 -2.652905 -0.222466 -0.045658 0.973871 119.544324
0.973322 0.040512 0.225837 63.968570 -0.049662 0.998153 0.034980 -2.637751 -0.224003 -0.045263 0.973537 120.421404
0.972488 0.042866 0.228973 64.154765 -0.052450 0.997977 0.035932 -2.636612 -0.226970 -0.046953 0.972769 121.297731
0.971834 0.043640 0.231589 64.371783 -0.053880 0.997821 0.038071 -2.594914 -0.229423 -0.049477 0.972068 122.185775
0.971550 0.042267 0.233034 64.535758 -0.052337 0.997936 0.037199 -2.579512 -0.230980 -0.048337 0.971757 123.060336
0.971511 0.041911 0.233258 64.762077 -0.051664 0.998020 0.035861 -2.587969 -0.231293 -0.046891 0.971753 123.928783
0.971360 0.040362 0.234161 64.974643 -0.050162 0.998091 0.036043 -2.567815 -0.232259 -0.046757 0.971530 124.807815
0.971373 0.036726 0.234703 65.180096 -0.046594 0.998242 0.036636 -2.524710 -0.232945 -0.046523 0.971376 125.649181
0.971165 0.034154 0.235950 65.426774 -0.043674 0.998424 0.035237 -2.528810 -0.234374 -0.044526 0.971126 126.499165
0.970964 0.037865 0.236208 65.639660 -0.047950 0.998161 0.037095 -2.466762 -0.234369 -0.047344 0.970994 127.367572
0.970313 0.040502 0.238435 65.855453 -0.051775 0.997808 0.041203 -2.445316 -0.236244 -0.052324 0.970284 128.195078
0.970361 0.040519 0.238238 66.050860 -0.052574 0.997627 0.044464 -2.397007 -0.235871 -0.055671 0.970188 129.031024
0.970211 0.039126 0.239080 66.243180 -0.049585 0.998051 0.037889 -2.394871 -0.237131 -0.048615 0.970260 129.850961
0.970364 0.036520 0.238871 66.438219 -0.044039 0.998686 0.026217 -2.398140 -0.237599 -0.035960 0.970697 130.667106
0.970696 0.031626 0.238221 66.639937 -0.037613 0.999079 0.020628 -2.426734 -0.237350 -0.028983 0.970992 131.489118
0.970754 0.030945 0.238072 66.830860 -0.038687 0.998861 0.027914 -2.402330 -0.236937 -0.036308 0.970846 132.353608
0.971475 0.026919 0.235609 67.032654 -0.038297 0.998304 0.043846 -2.378161 -0.234029 -0.051619 0.970858 133.187121
0.971986 0.018831 0.234283 67.222250 -0.032609 0.997950 0.055075 -2.340382 -0.232766 -0.061172 0.970607 134.038170
0.971958 0.025246 0.233794 67.397513 -0.038213 0.997962 0.051102 -2.295695 -0.232027 -0.058603 0.970942 134.951391
0.972005 0.034995 0.232339 67.561418 -0.046332 0.997978 0.043516 -2.270196 -0.230346 -0.053062 0.971661 135.752310
0.972395 0.037591 0.230292 67.775566 -0.047742 0.998111 0.038666 -2.210902 -0.228404 -0.048593 0.972353 136.542024
0.972844 0.035215 0.228766 67.957843 -0.045286 0.998216 0.038919 -2.188207 -0.226987 -0.048222 0.972703 137.423741
0.973395 0.033269 0.226704 68.136273 -0.043356 0.998272 0.039663 -2.147811 -0.224993 -0.048437 0.973156 138.203020
0.973836 0.038360 0.223993 68.289160 -0.048127 0.998106 0.038307 -2.132489 -0.222099 -0.048085 0.973838 139.009200
0.975139 0.035191 0.218784 68.460026 -0.044647 0.998264 0.038424 -2.125582 -0.217051 -0.047237 0.975017 139.849753
0.975755 0.039073 0.215350 68.631258 -0.048394 0.998098 0.038183 -2.100712 -0.213449 -0.047679 0.975790 140.648721
0.976132 0.043285 0.212821 68.787669 -0.052845 0.997824 0.039436 -2.040002 -0.210651 -0.049741 0.976295 141.477243
0.976244 0.044063 0.212146 68.999320 -0.053953 0.997699 0.041056 -1.991538 -0.209849 -0.051526 0.976375 142.311574
0.976540 0.044247 0.210740 69.172937 -0.054548 0.997571 0.043319 -1.962327 -0.208311 -0.053798 0.976582 143.128475
0.977032 0.042897 0.208732 69.329821 -0.053151 0.997627 0.043766 -1.923471 -0.206360 -0.053855 0.976993 143.930596
0.977496 0.039631 0.207198 69.483216 -0.049593 0.997839 0.043104 -1.908184 -0.205042 -0.052409 0.977349 144.689704
0.978709 0.037340 0.201830 69.659938 -0.046437 0.998099 0.040525 -1.910807 -0.199933 -0.049035 0.978582 145.503981
0.979821 0.037675 0.196293 69.843844 -0.046790 0.998021 0.042001 -1.844917 -0.194322 -0.050338 0.979645 146.335309
0.981303 0.034444 0.189361 69.960584 -0.043541 0.998078 0.044095 -1.846299 -0.187479 -0.051516 0.980917 147.114965
0.982530 0.032110 0.183312 70.125547 -0.042359 0.997734 0.052272 -1.825368 -0.181219 -0.059123 0.981664 147.932845
0.983652 0.029646 0.177623 70.256068 -0.041324 0.997195 0.062407 -1.819259 -0.175275 -0.068727 0.982118 148.721574
0.984172 0.033653 0.173991 70.377139 -0.045218 0.996992 0.062939 -1.765733 -0.171349 -0.069810 0.982734 149.558915
0.984580 0.039589 0.170395 70.475752 -0.050571 0.996880 0.060599 -1.690146 -0.167464 -0.068281 0.983511 150.292259
0.985621 0.040030 0.164161 70.597279 -0.049172 0.997435 0.052006 -1.655214 -0.161658 -0.059330 0.985062 151.103749
0.986614 0.041093 0.157812 70.694874 -0.048994 0.997716 0.046507 -1.610365 -0.155541 -0.053616 0.986373 151.973081
0.987751 0.034410 0.152194 70.834350 -0.042112 0.997975 0.047675 -1.559357 -0.150245 -0.053500 0.987200 152.812374
0.988753 0.037082 0.144887 70.956296 -0.044746 0.997746 0.049999 -1.482355 -0.142707 -0.055919 0.988184 153.688607
0.989553 0.043948 0.137305 71.061344 -0.051233 0.997436 0.049975 -1.426722 -0.134757 -0.056487 0.989267 154.531269
0.990837 0.045199 0.127272 71.159886 -0.051510 0.997578 0.046736 -1.385874 -0.124852 -0.052863 0.990766 155.295686
0.992007 0.042604 0.118771 71.239270 -0.047971 0.997935 0.042707 -1.404353 -0.116706 -0.048064 0.992003 156.091011
0.992718 0.042440 0.112737 71.300496 -0.047942 0.997765 0.046544 -1.324689 -0.110510 -0.051610 0.992534 156.908394
0.993536 0.045529 0.103988 71.382022 -0.051157 0.997330 0.052112 -1.298457 -0.101338 -0.057095 0.993212 157.781947
0.994031 0.051942 0.095937 71.426500 -0.057460 0.996794 0.055674 -1.255316 -0.092738 -0.060854 0.993829 158.621599
0.994643 0.053153 0.088652 71.498694 -0.058464 0.996579 0.058422 -1.172775 -0.085243 -0.063292 0.994348 159.469953
0.994996 0.056634 0.082315 71.609744 -0.061609 0.996343 0.059209 -1.138869 -0.078661 -0.063985 0.994846 160.304553
0.995390 0.055713 0.078075 71.637953 -0.060319 0.996497 0.057931 -1.091410 -0.074574 -0.062374 0.995263 161.145794
0.995398 0.063994 0.071327 71.712696 -0.067936 0.996211 0.054293 -1.078101 -0.067582 -0.058889 0.995974 162.021507
0.995439 0.068272 0.066627 71.734633 -0.071701 0.996147 0.050503 -1.026792 -0.062922 -0.055050 0.996499 162.844836
0.995503 0.070261 0.063532 71.783518 -0.073527 0.996008 0.050612 -1.026050 -0.059722 -0.055055 0.996696 163.737763
0.995536 0.071580 0.061509 71.841748 -0.074967 0.995688 0.054640 -0.977779 -0.057333 -0.059007 0.996610 164.590637
0.995640 0.072521 0.058668 71.864705 -0.076289 0.994980 0.064761 -0.927880 -0.053677 -0.068954 0.996175 165.412831
0.995884 0.072537 0.054345 71.932435 -0.076278 0.994609 0.070252 -0.895457 -0.048956 -0.074108 0.996048 166.291374
0.996404 0.069757 0.048097 71.969050 -0.073033 0.994863 0.070099 -0.889948 -0.042960 -0.073360 0.996380 167.134097
0.996877 0.066719 0.042239 72.012627 -0.069287 0.995632 0.062574 -0.894030 -0.037879 -0.065305 0.997146 167.988464
0.997064 0.067453 0.036232 72.054686 -0.069465 0.995928 0.057466 -0.828769 -0.032208 -0.059814 0.997690 168.826261
0.997234 0.068699 0.028359 72.077705 -0.070273 0.995790 0.058858 -0.783042 -0.024196 -0.060688 0.997863 169.695614
0.997514 0.067343 0.020767 72.110119 -0.068561 0.995530 0.064964 -0.731982 -0.016300 -0.066226 0.997672 170.579728
0.997939 0.063042 0.011948 72.118059 -0.063714 0.995627 0.068324 -0.680756 -0.007588 -0.068944 0.997592 171.430648
0.998030 0.062601 0.004127 72.123623 -0.062735 0.995309 0.073649 -0.604080 0.000503 -0.073763 0.997276 172.285140
0.998206 0.059823 -0.002453 72.148960 -0.059473 0.995430 0.074718 -0.576471 0.006911 -0.074439 0.997202 173.115019
0.998138 0.060294 -0.009237 72.152635 -0.059509 0.995801 0.069558 -0.532407 0.013392 -0.068879 0.997535 173.999823
0.998325 0.055965 -0.014643 72.107979 -0.055001 0.996709 0.059546 -0.474737 0.017927 -0.058641 0.998118 174.845460
0.998309 0.053638 -0.022392 72.082985 -0.052335 0.997102 0.055224 -0.462732 0.025289 -0.053959 0.998223 175.718732
0.998110 0.053992 -0.029348 72.066511 -0.052083 0.996696 0.062322 -0.412170 0.032616 -0.060675 0.997625 176.623076
0.997736 0.057632 -0.034654 72.034671 -0.054900 0.995655 0.075215 -0.371145 0.038838 -0.073142 0.996565 177.523246
0.997154 0.064501 -0.039038 71.963163 -0.061077 0.994648 0.083335 -0.326444 0.044204 -0.080714 0.995757 178.387747
0.997066 0.063518 -0.042711 71.899224 -0.059870 0.994843 0.081874 -0.263460 0.047691 -0.079077 0.995727 179.234563
0.996870 0.063302 -0.047360 71.838673 -0.059451 0.995122 0.078722 -0.254103 0.052113 -0.075660 0.995771 180.056101
0.995973 0.072905 -0.052177 71.763281 -0.069185 0.995155 0.069853 -0.197002 0.057017 -0.065961 0.996192 180.913652
0.995681 0.074746 -0.055069 71.742748 -0.071154 0.995375 0.064540 -0.156868 0.059638 -0.060343 0.996395 181.819669
0.996066 0.067077 -0.057904 71.699257 -0.063117 0.995708 0.067694 -0.092927 0.062197 -0.063773 0.996024 182.634779
0.996061 0.068174 -0.056694 71.661272 -0.063763 0.995046 0.076279 -0.038788 0.061613 -0.072363 0.995473 183.483783
0.995548 0.075765 -0.056067 71.595054 -0.070886 0.993907 0.084403 0.042520 0.062120 -0.080053 0.994853 184.327973
0.995465 0.074563 -0.059069 71.509682 -0.069309 0.993840 0.086482 0.085450 0.065154 -0.081996 0.994501 185.210740
0.995560 0.071099 -0.061691 71.447360 -0.066080 0.994610 0.079901 0.164802 0.067039 -0.075470 0.994892 186.021979
0.995565 0.068531 -0.064443 71.425458 -0.063920 0.995421 0.071077 0.243580 0.069019 -0.066642 0.995387 186.858007
0.995865 0.064128 -0.064340 71.415797 -0.059838 0.995988 0.066537 0.304435 0.068349 -0.062412 0.995707 187.713635
0.996067 0.061159 -0.064104 71.348882 -0.056633 0.995924 0.070193 0.365443 0.068136 -0.066287 0.995472 188.554459
0.996364 0.054543 -0.065447 71.327964 -0.049317 0.995656 0.078968 0.432699 0.069470 -0.075453 0.994726 189.389918
0.996220 0.056060 -0.066356 71.289533 -0.050446 0.995234 0.083456 0.488936 0.070718 -0.079793 0.994300 190.229839
0.995877 0.061336 -0.066831 71.243691 -0.055724 0.995005 0.082827 0.556405 0.071577 -0.078761 0.994321 191.063143
0.995760 0.063678 -0.066382 71.168326 -0.058409 0.995201 0.078504 0.606454 0.071062 -0.074294 0.994701 191.951111
0.995038 0.074425 -0.066030 71.085360 -0.069257 0.994594 0.077373 0.696470 0.071431 -0.072416 0.994813 192.792115
0.995213 0.071847 -0.066249 71.022485 -0.066529 0.994632 0.079254 0.743817 0.071588 -0.074467 0.994651 193.670767
0.995046 0.072792 -0.067709 70.923017 -0.067260 0.994469 0.080673 0.785076 0.073206 -0.075719 0.994438 194.511681
0.994669 0.077015 -0.068578 70.876321 -0.071342 0.994104 0.081655 0.870164 0.074463 -0.076327 0.994298 195.352608
0.994504 0.078616 -0.069150 70.776530 -0.072761 0.993851 0.083458 0.929145 0.075286 -0.077968 0.994109 196.140126
0.994450 0.078401 -0.070166 70.718824 -0.072665 0.994072 0.080875 0.971980 0.076091 -0.075327 0.994251 196.964763
0.994094 0.082024 -0.071065 70.667656 -0.076434 0.994011 0.078099 1.025693 0.077045 -0.072206 0.994410 197.745250
0.994123 0.080543 -0.072336 70.614743 -0.074917 0.994183 0.077385 1.052670 0.078148 -0.071511 0.994374 198.562047
0.993998 0.080874 -0.073671 70.549995 -0.074692 0.993736 0.083120 1.099553 0.079931 -0.077118 0.993813 199.395093
0.993679 0.082968 -0.075619 70.498852 -0.076313 0.993280 0.087014 1.138721 0.082330 -0.080694 0.993333 200.180327
