1.000000 0.000000 0.000000 0.000000 0.000000 1.000000 0.000000 0.000000 0.000000 0.000000 1.000000 0.000000
0.999996 -0.002740 0.000936 0.111134 0.002741 0.999996 -0.000894 0.038863 -0.000934 0.000897 0.999999 -0.006635
0.999995 0.001705 -0.002743 0.144573 -0.001712 0.999995 -0.002493 0.032540 0.002739 0.002498 0.999993 0.723669
0.999970 0.002000 -0.007438 0.092980 -0.002023 0.999993 -0.003108 0.009809 0.007432 0.003123 0.999968 1.486490
0.999928 0.000498 -0.011967 0.091616 -0.000549 0.999991 -0.004289 0.020119 0.011965 0.004296 0.999919 2.250348
0.999856 0.002519 -0.016760 0.084198 -0.002589 0.999988 -0.004162 -0.034946 0.016749 0.004205 0.999851 2.991123
0.999728 0.005487 -0.022676 0.015571 -0.005612 0.999969 -0.005478 -0.103113 0.022645 0.005604 0.999728 3.767496
0.999608 0.007672 -0.026934 0.056493 -0.007810 0.999957 -0.005014 -0.106375 0.026894 0.005222 0.999625 4.465647
0.999471 0.008981 -0.031250 0.031338 -0.009138 0.999946 -0.004870 -0.125975 0.031205 0.005153 0.999500 5.287637
0.999370 0.007893 -0.034593 -0.004644 -0.008014 0.999962 -0.003355 -0.106892 0.034565 0.003630 0.999396 6.104917
0.999284 0.007009 -0.037182 -0.027233 -0.007112 0.999971 -0.002630 -0.138082 0.037163 0.002893 0.999305 6.959911
0.999105 0.006889 -0.041731 -0.093555 -0.006966 0.999974 -0.001703 -0.140220 0.041718 0.001992 0.999127 7.740783
0.999043 0.006485 -0.043261 -0.145964 -0.006578 0.999976 -0.002021 -0.140967 0.043247 0.002304 0.999062 8.510692
0.998980 0.004802 -0.044905 -0.189390 -0.004907 0.999985 -0.002224 -0.178156 0.044894 0.002442 0.998989 9.306806
0.998941 0.006067 -0.045598 -0.208857 -0.006208 0.999976 -0.002947 -0.196357 0.045579 0.003227 0.998956 10.211093
0.998936 0.003175 -0.045999 -0.243642 -0.003333 0.999989 -0.003359 -0.269891 0.045987 0.003508 0.998936 11.061359
0.998813 0.008706 -0.047925 -0.305938 -0.008931 0.999950 -0.004479 -0.241312 0.047884 0.004902 0.998841 11.954533
0.998817 0.006203 -0.048239 -0.363116 -0.006455 0.999966 -0.005056 -0.313827 0.048206 0.005362 0.998823 12.812871
0.998717 0.011043 -0.049418 -0.383073 -0.011331 0.999920 -0.005560 -0.301680 0.049353 0.006113 0.998763 13.648587
0.998555 0.015045 -0.051592 -0.499663 -0.015395 0.999861 -0.006398 -0.372664 0.051489 0.007183 0.998648 14.529732
0.998587 0.015405 -0.050866 -0.497129 -0.015654 0.999867 -0.004505 -0.343774 0.050790 0.005295 0.998695 15.481698
0.998542 0.015373 -0.051742 -0.532230 -0.015555 0.999874 -0.003128 -0.352424 0.051687 0.003928 0.998656 16.363222
0.998461 0.015808 -0.053156 -0.572451 -0.015971 0.999869 -0.002637 -0.376363 0.053107 0.003482 0.998583 17.306092
0.998316 0.017540 -0.055302 -0.649889 -0.017703 0.999840 -0.002454 -0.332817 0.055250 0.003429 0.998467 18.214012
0.998319 0.016451 -0.055583 -0.679132 -0.016619 0.999859 -0.002553 -0.378043 0.055533 0.003472 0.998451 19.203025
0.998155 0.015621 -0.058665 -0.784880 -0.015752 0.999874 -0.001764 -0.386556 0.058630 0.002684 0.998276 20.221547
0.998234 0.017110 -0.056889 -0.841781 -0.017042 0.999853 0.001681 -0.451765 0.056909 -0.000708 0.998379 21.148257
0.998324 0.015718 -0.055699 -0.893227 -0.015489 0.999870 0.004536 -0.432850 0.055763 -0.003666 0.998437 22.046672
0.998519 0.015827 -0.052042 -0.974412 -0.015499 0.999857 0.006694 -0.412348 0.052141 -0.005877 0.998622 22.995630
0.998640 0.014914 -0.049954 -0.999157 -0.014595 0.999871 0.006735 -0.413995 0.050048 -0.005997 0.998729 23.989314
0.998712 0.014178 -0.048710 -1.050855 -0.013926 0.999888 0.005513 -0.427521 0.048782 -0.004828 0.998798 24.944757
0.998769 0.015742 -0.047031 -1.158324 -0.015662 0.999875 0.002053 -0.326168 0.047057 -0.001314 0.998891 25.926237
0.998912 0.012942 -0.044802 -1.206630 -0.012993 0.999915 -0.000854 -0.310765 0.044787 0.001436 0.998996 26.987041
0.998934 0.013689 -0.044083 -1.283549 -0.013674 0.999906 0.000660 -0.333476 0.044088 -0.000057 0.999028 27.964399
0.999012 0.009248 -0.043478 -1.317295 -0.009037 0.999946 0.005037 -0.306960 0.043522 -0.004639 0.999042 28.969436
0.998975 0.001470 -0.045238 -1.381943 -0.001072 0.999961 0.008820 -0.280659 0.045249 -0.008763 0.998937 29.965282
0.998927 0.002369 -0.046243 -1.451086 -0.001911 0.999949 0.009951 -0.341010 0.046265 -0.009852 0.998881 30.916799
0.998905 0.008551 -0.045991 -1.487399 -0.008181 0.999933 0.008215 -0.381757 0.046058 -0.007829 0.998908 31.888967
0.998680 0.019023 -0.047712 -1.474114 -0.018804 0.999811 0.005024 -0.444355 0.047798 -0.004120 0.998849 32.904520
0.998566 0.019045 -0.050039 -1.526200 -0.018830 0.999811 0.004765 -0.407686 0.050120 -0.003816 0.998736 33.945227
0.998687 0.013774 -0.049339 -1.530259 -0.013484 0.999890 0.006195 -0.431124 0.049419 -0.005521 0.998763 34.953324
0.998559 0.021526 -0.049167 -1.572408 -0.021207 0.999751 0.006985 -0.461844 0.049305 -0.005932 0.998766 36.010168
0.998419 0.024896 -0.050404 -1.639362 -0.024536 0.999669 0.007747 -0.465013 0.050581 -0.006498 0.998699 37.076241
0.998448 0.022006 -0.051154 -1.716508 -0.021524 0.999719 0.009954 -0.472669 0.051359 -0.008838 0.998641 38.141899
0.998399 0.024558 -0.050964 -1.732716 -0.023969 0.999639 0.012150 -0.494975 0.051244 -0.010909 0.998627 39.179115
0.998322 0.025538 -0.051977 -1.860481 -0.024888 0.999604 0.013116 -0.491133 0.052291 -0.011801 0.998562 40.192853
0.998400 0.021860 -0.052156 -1.936336 -0.021200 0.999688 0.013180 -0.493977 0.052428 -0.012053 0.998552 41.166024
0.998086 0.033015 -0.052299 -1.982783 -0.032394 0.999395 0.012674 -0.488213 0.052685 -0.010956 0.998551 42.133616
0.998210 0.030994 -0.051140 -2.035711 -0.030396 0.999461 0.012420 -0.464869 0.051497 -0.010843 0.998614 43.160763
0.998262 0.025928 -0.052913 -2.111004 -0.025283 0.999598 0.012830 -0.386160 0.053225 -0.011470 0.998517 44.174207
0.998296 0.021885 -0.054091 -2.158669 -0.021197 0.999687 0.013260 -0.380731 0.054364 -0.012091 0.998448 45.186871
0.998374 0.023865 -0.051767 -2.162978 -0.023172 0.999634 0.013941 -0.380974 0.052080 -0.012719 0.998562 46.136279
0.998254 0.024333 -0.053830 -2.242556 -0.023704 0.999643 0.012288 -0.369065 0.054110 -0.010991 0.998475 47.107556
0.998227 0.022628 -0.055050 -2.268267 -0.022216 0.999720 0.008090 -0.344356 0.055218 -0.006853 0.998451 48.140328
0.998321 0.014850 -0.055985 -2.344682 -0.014492 0.999872 0.006806 -0.236024 0.056079 -0.005983 0.998408 49.066891
0.998334 0.014923 -0.055727 -2.374324 -0.014421 0.999852 0.009387 -0.263037 0.055859 -0.008568 0.998402 50.103482
0.998373 0.012527 -0.055629 -2.442087 -0.011851 0.999852 0.012464 -0.232182 0.055777 -0.011785 0.998374 51.098227
0.998387 0.013856 -0.055063 -2.419434 -0.013268 0.999851 0.011044 -0.290040 0.055208 -0.010295 0.998422 52.054508
0.998441 0.011070 -0.054715 -2.475951 -0.010492 0.999886 0.010838 -0.268082 0.054829 -0.010247 0.998443 53.061881
0.998360 0.007533 -0.056759 -2.476742 -0.006956 0.999922 0.010347 -0.288615 0.056832 -0.009935 0.998334 54.011910
0.998319 0.006600 -0.057574 -2.448061 -0.005957 0.999918 0.011340 -0.277418 0.057645 -0.010978 0.998277 55.081087
0.998265 0.000619 -0.058880 -2.506140 0.000172 0.999910 0.013435 -0.265505 0.058883 -0.013422 0.998175 56.028771
0.998301 -0.001695 -0.058251 -2.562355 0.002575 0.999884 0.015040 -0.314256 0.058219 -0.015165 0.998189 56.938215
0.998270 -0.000521 -0.058788 -2.603683 0.001499 0.999861 0.016608 -0.267369 0.058771 -0.016667 0.998132 57.913128
0.998193 -0.000245 -0.060092 -2.717524 0.001191 0.999876 0.015706 -0.243427 0.060081 -0.015749 0.998069 58.926296
0.998078 -0.000847 -0.061969 -2.854947 0.001457 0.999951 0.009791 -0.199053 0.061958 -0.009862 0.998030 59.723897
0.998081 -0.001541 -0.061896 -2.867102 0.001885 0.999983 0.005497 -0.187518 0.061887 -0.005603 0.998067 60.682268
0.998034 0.001223 -0.062665 -3.044535 -0.000815 0.999978 0.006537 -0.201742 0.062671 -0.006473 0.998013 61.629902
0.998007 0.001254 -0.063092 -3.102780 -0.000647 0.999953 0.009642 -0.179285 0.063101 -0.009582 0.997961 62.520682
0.997871 0.001225 -0.065206 -3.170650 -0.000570 0.999949 0.010057 -0.147534 0.065215 -0.009999 0.997821 63.369039
0.997881 0.006639 -0.064726 -3.237310 -0.005989 0.999930 0.010241 -0.183827 0.064789 -0.009831 0.997851 64.204164
0.997904 0.004325 -0.064565 -3.316877 -0.003634 0.999935 0.010806 -0.153779 0.064607 -0.010549 0.997855 65.027837
0.997743 0.004286 -0.067005 -3.394227 -0.003591 0.999939 0.010489 -0.167835 0.067046 -0.010225 0.997698 65.849002
0.997681 0.000061 -0.068071 -3.427670 0.000709 0.999936 0.011283 -0.185236 0.068067 -0.011305 0.997617 66.659461
0.997658 0.000483 -0.068391 -3.497195 0.000330 0.999929 0.011876 -0.175670 0.068392 -0.011871 0.997588 67.474216
0.997544 0.004804 -0.069880 -3.554129 -0.003849 0.999898 0.013787 -0.205747 0.069939 -0.013485 0.997460 68.318422
0.997286 0.004632 -0.073474 -3.548228 -0.003372 0.999845 0.017265 -0.216935 0.073543 -0.016971 0.997148 69.174721
0.997064 0.011198 -0.075745 -3.657860 -0.009645 0.999736 0.020836 -0.180064 0.075958 -0.020044 0.996910 69.983792
0.996791 0.020245 -0.077446 -3.709343 -0.018866 0.999651 0.018493 -0.262657 0.077793 -0.016973 0.996825 70.795600
0.996588 0.021032 -0.079808 -3.821356 -0.019915 0.999693 0.014767 -0.206461 0.080094 -0.013127 0.996701 71.503089
0.996448 0.021561 -0.081400 -3.876042 -0.020656 0.999715 0.011949 -0.237648 0.081634 -0.010225 0.996610 72.211429
0.996311 0.023293 -0.082598 -3.997924 -0.022545 0.999696 0.009977 -0.175838 0.082806 -0.008078 0.996533 72.850212
0.996344 0.026107 -0.081341 -4.050208 -0.025186 0.999607 0.012329 -0.222616 0.081631 -0.010236 0.996610 73.587345
0.996595 0.018956 -0.080246 -4.094116 -0.017869 0.999739 0.014249 -0.223137 0.080495 -0.012767 0.996673 74.118150
0.996453 0.017425 -0.082331 -4.166406 -0.016473 0.999789 0.012233 -0.215069 0.082526 -0.010833 0.996530 74.732293
0.996443 0.013833 -0.083128 -4.191484 -0.013095 0.999870 0.009425 -0.184682 0.083247 -0.008303 0.996494 75.423601
0.996469 0.010408 -0.083313 -4.217944 -0.009895 0.999929 0.006566 -0.149194 0.083375 -0.005718 0.996502 76.022653
0.996614 0.010308 -0.081568 -4.244421 -0.009867 0.999934 0.005816 -0.125247 0.081623 -0.004992 0.996651 76.567423
0.996962 0.010921 -0.077116 -4.266142 -0.010429 0.999923 0.006778 -0.027546 0.077185 -0.005953 0.996999 77.154576
0.997317 0.009224 -0.072625 -4.360944 -0.008743 0.999938 0.006939 -0.008362 0.072684 -0.006286 0.997335 77.648708
0.997745 0.008932 -0.066528 -4.342037 -0.008325 0.999921 0.009398 -0.062694 0.066607 -0.008823 0.997740 78.145817
0.998296 -0.001445 -0.058333 -4.333356 0.002021 0.999950 0.009824 -0.084855 0.058316 -0.009926 0.998249 78.819572
0.998848 0.000365 -0.047981 -4.396704 0.000143 0.999944 0.010576 -0.108335 0.047982 -0.010571 0.998792 79.247505
0.999457 0.002855 -0.032829 -4.421661 -0.002545 0.999952 0.009480 -0.133817 0.032854 -0.009391 0.999416 79.860725
0.999870 0.004732 -0.015440 -4.550002 -0.004577 0.999939 0.010028 -0.144251 0.015486 -0.009956 0.999831 80.312921
0.999970 0.004369 0.006456 -4.492670 -0.004429 0.999947 0.009299 -0.156889 -0.006415 -0.009328 0.999936 80.751358
0.999420 0.001852 0.034013 -4.514342 -0.002125 0.999966 0.007978 -0.149821 -0.033997 -0.008046 0.999390 81.355322
0.998110 -0.000048 0.061449 -4.419115 -0.000618 0.999941 0.010826 -0.152369 -0.061446 -0.010843 0.998052 81.845579
0.995403 0.000364 0.095771 -4.421307 -0.001241 0.999958 0.009099 -0.227844 -0.095764 -0.009176 0.995362 82.317596
0.991049 -0.000698 0.133495 -4.388015 -0.000410 0.999966 0.008275 -0.278637 -0.133497 -0.008256 0.991015 82.781883
0.984658 -0.000753 0.174495 -4.336440 -0.000581 0.999971 0.007593 -0.246045 -0.174495 -0.007578 0.984629 83.266942
0.975678 -0.001504 0.219205 -4.183215 -0.000004 0.999976 0.006879 -0.267466 -0.219210 -0.006713 0.975655 83.645570
0.963678 -0.001952 0.267061 -4.039710 -0.000119 0.999970 0.007738 -0.231332 -0.267068 -0.007488 0.963649 84.008341
0.947588 -0.001631 0.319491 -3.893970 -0.000394 0.999980 0.006273 -0.223693 -0.319495 -0.006070 0.947568 84.372066
0.928258 -0.001822 0.371932 -3.747444 -0.000073 0.999987 0.005082 -0.208671 -0.371937 -0.004744 0.928246 84.844400
0.903813 0.001406 0.427925 -3.582566 -0.003363 0.999987 0.003817 -0.219568 -0.427914 -0.004889 0.903806 85.157995
0.874459 -0.000258 0.485099 -3.331566 -0.001350 0.999995 0.002966 -0.186069 -0.485097 -0.003249 0.874454 85.473352
0.841309 -0.002934 0.540546 -3.054705 0.001449 0.999994 0.003172 -0.203060 -0.540552 -0.001885 0.841308 85.842585
0.804175 -0.004599 0.594375 -2.788084 0.002105 0.999986 0.004890 -0.161731 -0.594389 -0.002681 0.804173 86.043380
0.763774 -0.009287 0.645417 -2.517397 0.005483 0.999954 0.007901 -0.135708 -0.645461 -0.002496 0.763789 86.386520
0.721169 -0.007858 0.692714 -2.223715 0.005285 0.999969 0.005841 -0.122844 -0.692739 -0.000552 0.721188 86.666574
0.677111 -0.008248 0.735835 -2.127695 0.005195 0.999966 0.006428 -0.131650 -0.735863 -0.000530 0.677130 86.913791
0.630709 -0.010013 0.775955 -1.794836 0.007427 0.999949 0.006867 -0.108982 -0.775984 0.001432 0.630751 87.133854
0.584467 -0.012999 0.811313 -1.542851 0.009214 0.999914 0.009383 -0.070837 -0.811365 0.001992 0.584536 87.336258
0.535054 -0.012417 0.844727 -1.202641 0.009643 0.999917 0.008590 -0.030413 -0.844763 0.003549 0.535129 87.490592
0.487536 -0.012493 0.873013 -0.890049 0.009481 0.999914 0.009015 -0.059743 -0.873051 0.003882 0.487613 87.564329
0.443334 -0.012798 0.896265 -0.600876 0.009342 0.999910 0.009657 -0.022155 -0.896308 0.004092 0.443413 87.710869
0.396904 -0.016762 0.917707 -0.246457 0.012222 0.999841 0.012977 -0.005132 -0.917779 0.006066 0.397046 87.848970
0.357792 -0.022783 0.933523 0.084992 0.018589 0.999678 0.017273 -0.055585 -0.933616 0.011173 0.358100 87.896378
0.322745 -0.024288 0.946174 0.368117 0.018613 0.999640 0.019311 -0.046311 -0.946303 0.011378 0.323080 88.042644
0.287000 -0.021432 0.957691 0.690865 0.015554 0.999722 0.017712 -0.045349 -0.957804 0.009812 0.287254 88.131562
0.255427 -0.013778 0.966730 1.069600 0.006239 0.999901 0.012602 -0.095276 -0.966808 0.002812 0.255488 88.149121
0.225869 -0.006679 0.974135 1.596889 0.001697 0.999978 0.006463 -0.266866 -0.974156 0.000193 0.225875 88.235546
0.197532 -0.003710 0.980289 1.955823 0.002913 0.999991 0.003198 -0.265013 -0.980292 0.002224 0.197541 88.230525
0.175878 -0.003370 0.984406 2.308563 0.008301 0.999964 0.001940 -0.257278 -0.984377 0.007831 0.175900 88.224811
0.154893 0.001082 0.987931 2.779646 0.009651 0.999950 -0.002608 -0.269765 -0.987884 0.009939 0.154875 88.238482
0.137132 0.008074 0.990520 3.228220 0.008547 0.999920 -0.009334 -0.284411 -0.990516 0.009746 0.137052 88.337452
0.119307 0.007465 0.992829 3.696684 0.016193 0.999824 -0.009463 -0.257206 -0.992725 0.017206 0.119165 88.383580
0.104350 0.004889 0.994529 4.240390 0.019599 0.999784 -0.006972 -0.201626 -0.994348 0.020220 0.104231 88.412075
0.088715 0.003042 0.996052 4.782364 0.018884 0.999810 -0.004736 -0.187180 -0.995878 0.019230 0.088641 88.405858
0.076300 0.003267 0.997080 5.307219 0.022055 0.999744 -0.004964 -0.244160 -0.996841 0.022370 0.076209 88.434312
0.065628 0.003421 0.997838 5.838987 0.019197 0.999805 -0.004690 -0.253493 -0.997659 0.019463 0.065550 88.499755
0.056218 0.003200 0.998413 6.298090 0.017364 0.999840 -0.004182 -0.213746 -0.998268 0.017571 0.056153 88.560984
0.046201 0.002122 0.998930 6.832051 0.020504 0.999785 -0.003072 -0.168533 -0.998722 0.020624 0.046148 88.550215
0.042344 0.001376 0.999102 7.363338 0.018957 0.999818 -0.002181 -0.207219 -0.998923 0.019032 0.042310 88.580869
0.038539 0.000282 0.999257 7.823381 0.018152 0.999835 -0.000982 -0.109765 -0.999092 0.018176 0.038528 88.653951
0.031754 0.000865 0.999495 8.418712 0.024914 0.999688 -0.001657 -0.116643 -0.999185 0.024954 0.031722 88.652800
0.028345 0.001303 0.999597 9.019836 0.026671 0.999642 -0.002059 -0.111107 -0.999242 0.026719 0.028300 88.685021
0.024668 0.001614 0.999694 9.620406 0.029831 0.999552 -0.002350 -0.127812 -0.999251 0.029880 0.024609 88.714445
0.020635 0.001930 0.999785 10.282943 0.028034 0.999604 -0.002508 -0.102841 -0.999394 0.028080 0.020573 88.731354
0.016811 0.001520 0.999858 10.872725 0.028811 0.999583 -0.002004 -0.097438 -0.999444 0.028841 0.016760 88.693984
0.015819 0.001288 0.999874 11.608759 0.031224 0.999511 -0.001781 -0.116043 -0.999387 0.031249 0.015771 88.771423
0.016927 0.001962 0.999855 12.326648 0.027954 0.999606 -0.002435 -0.131873 -0.999466 0.027991 0.016865 88.776630
0.018671 0.002938 0.999821 13.113733 0.021049 0.999773 -0.003331 -0.158799 -0.999604 0.021108 0.018605 88.775068
0.021709 0.004038 0.999756 13.906718 0.026769 0.999631 -0.004619 -0.158577 -0.999406 0.026863 0.021593 88.786767
0.025919 0.004937 0.999652 14.606490 0.026046 0.999645 -0.005613 -0.148490 -0.999325 0.026182 0.025782 88.820430
0.029485 0.003846 0.999558 15.391427 0.034924 0.999378 -0.004875 -0.201748 -0.998955 0.035052 0.029332 88.754942
0.030344 0.002968 0.999535 16.227039 0.033848 0.999419 -0.003995 -0.197716 -0.998966 0.033954 0.030226 88.632140
0.032335 0.002486 0.999474 17.052182 0.034535 0.999397 -0.003603 -0.199145 -0.998880 0.034633 0.032229 88.624326
0.034604 0.001195 0.999400 17.867628 0.031155 0.999512 -0.002274 -0.167147 -0.998915 0.031215 0.034549 88.637459
0.037754 0.001898 0.999285 18.743601 0.027166 0.999627 -0.002925 -0.155343 -0.998918 0.027257 0.037689 88.638766
0.040698 0.003453 0.999166 19.476411 0.024262 0.999696 -0.004443 -0.151468 -0.998877 0.024422 0.040602 88.624860
0.042233 0.007296 0.999081 20.333774 0.016043 0.999839 -0.007980 -0.139014 -0.998979 0.016365 0.042109 88.721319
0.043461 0.011275 0.998992 21.125432 0.009416 0.999887 -0.011695 -0.156537 -0.999011 0.009915 0.043350 88.777151
0.044798 0.010416 0.998942 21.988283 -0.001846 0.999945 -0.010344 -0.164563 -0.998994 -0.001381 0.044815 88.785928
0.042166 0.010531 0.999055 22.755869 -0.007165 0.999922 -0.010237 -0.149680 -0.999085 -0.006727 0.042238 88.718994
0.040406 0.009623 0.999137 23.516419 -0.016993 0.999816 -0.008943 -0.157996 -0.999039 -0.016617 0.040562 88.737352
0.040947 0.009101 0.999120 24.288299 -0.020958 0.999746 -0.008247 -0.184071 -0.998941 -0.020602 0.041127 88.777430
0.040413 0.009200 0.999141 25.093278 -0.029133 0.999543 -0.008025 -0.146407 -0.998758 -0.028784 0.040662 88.812806
0.040702 0.009638 0.999125 25.945418 -0.032659 0.999432 -0.008311 -0.120919 -0.998637 -0.032292 0.040994 88.856038
0.038992 0.010898 0.999180 26.735597 -0.044030 0.998988 -0.009177 -0.106372 -0.998269 -0.043636 0.039433 88.949938
0.037485 0.010940 0.999237 27.527791 -0.044082 0.998985 -0.009284 -0.123135 -0.998324 -0.043700 0.037929 89.025856
0.032261 0.009807 0.999431 28.386172 -0.036929 0.999281 -0.008614 -0.049409 -0.998797 -0.036631 0.032600 89.004515
0.027608 0.008890 0.999579 29.273407 -0.043283 0.999033 -0.007690 -0.081440 -0.998681 -0.043052 0.027966 89.035776
0.023993 0.008401 0.999677 30.107241 -0.043098 0.999044 -0.007361 -0.045045 -0.998783 -0.042907 0.024332 89.082402
0.016958 0.009411 0.999812 30.882031 -0.045098 0.998945 -0.008638 -0.005829 -0.998839 -0.044943 0.017364 89.052049
0.006991 0.009204 0.999933 31.578472 -0.045041 0.998946 -0.008880 -0.008383 -0.998961 -0.044976 0.007398 89.044687
-0.006357 0.009790 0.999932 32.487831 -0.045830 0.998898 -0.010071 0.036067 -0.998929 -0.045891 -0.005902 89.267227
-0.014569 0.013579 0.999802 33.308404 -0.043407 0.998957 -0.014200 0.070618 -0.998951 -0.043605 -0.013965 89.281032
-0.023254 0.010620 0.999673 34.219341 -0.046805 0.998836 -0.011700 0.005421 -0.998633 -0.047062 -0.022730 89.347454
-0.033756 0.011066 0.999369 35.006722 -0.046305 0.998848 -0.012625 -0.085807 -0.998357 -0.046702 -0.033205 89.324181
-0.045061 0.010071 0.998933 35.917861 -0.045381 0.998896 -0.012118 -0.120235 -0.997953 -0.045878 -0.044555 89.268772
-0.057656 0.009597 0.998290 36.724747 -0.051665 0.998585 -0.012584 -0.098821 -0.996999 -0.052302 -0.057078 89.150523
-0.066458 0.008322 0.997755 37.576477 -0.058202 0.998230 -0.012203 -0.033489 -0.996090 -0.058882 -0.065856 89.197173
-0.074200 0.007606 0.997214 38.418921 -0.054491 0.998446 -0.011670 0.014226 -0.995754 -0.055205 -0.073670 89.057001
-0.085103 0.008115 0.996339 39.163451 -0.054450 0.998435 -0.012783 0.004184 -0.994883 -0.055339 -0.084528 89.003471
-0.093790 0.007707 0.995562 39.888857 -0.057570 0.998255 -0.013151 -0.033036 -0.993926 -0.058548 -0.093183 88.943210
-0.101984 0.007366 0.994759 40.599569 -0.048652 0.998739 -0.012383 -0.044021 -0.993596 -0.049660 -0.101497 88.873088
-0.109776 0.007544 0.993928 41.303888 -0.047872 0.998771 -0.012868 -0.037421 -0.992803 -0.048994 -0.109280 88.776697
-0.118354 0.006336 0.992951 42.026044 -0.048493 0.998750 -0.012153 -0.072155 -0.991787 -0.049589 -0.117898 88.712570
-0.123580 0.004074 0.992326 42.775700 -0.051417 0.998622 -0.010503 -0.086693 -0.991002 -0.052320 -0.123201 88.582766
-0.129473 0.004294 0.991574 43.403891 -0.058001 0.998246 -0.011897 -0.147021 -0.989885 -0.059052 -0.128997 88.432192
-0.131555 0.002325 0.991306 44.073815 -0.067222 0.997674 -0.011261 -0.140350 -0.989027 -0.068119 -0.131093 88.325703
-0.132443 0.002285 0.991188 44.685655 -0.068450 0.997589 -0.011446 -0.155183 -0.988824 -0.069363 -0.131967 88.172440
-0.133155 0.001561 0.991094 45.370585 -0.070812 0.997428 -0.011085 -0.174750 -0.988562 -0.071658 -0.132702 88.095941
-0.132153 0.002751 0.991225 46.041394 -0.070650 0.997427 -0.012188 -0.247335 -0.988708 -0.071641 -0.131619 88.004267
-0.127981 0.003681 0.991770 46.624075 -0.069367 0.997511 -0.012654 -0.259330 -0.989348 -0.070415 -0.127408 87.852652
-0.123031 0.004479 0.992393 47.210667 -0.071030 0.997385 -0.013307 -0.246835 -0.989858 -0.072127 -0.122391 87.797188
-0.117109 0.005172 0.993106 47.832448 -0.075073 0.997079 -0.014045 -0.248323 -0.990278 -0.076200 -0.116378 87.699650
-0.105671 0.005171 0.994388 48.395220 -0.075164 0.997084 -0.013173 -0.263075 -0.991556 -0.076135 -0.104974 87.688773
-0.093728 0.005065 0.995585 49.027505 -0.075195 0.997095 -0.012152 -0.303877 -0.992754 -0.076002 -0.093075 87.608892
-0.077037 0.005940 0.997011 49.514303 -0.077330 0.996934 -0.011915 -0.278702 -0.994025 -0.078017 -0.076342 87.637345
-0.061410 0.005887 0.998095 49.897014 -0.080004 0.996736 -0.010801 -0.315356 -0.994901 -0.080515 -0.060739 87.753931
-0.042154 0.005727 0.999095 50.449087 -0.080637 0.996702 -0.009115 -0.343627 -0.995852 -0.080949 -0.041554 87.892266
-0.013939 0.007061 0.999878 50.999399 -0.082164 0.996585 -0.008183 -0.365030 -0.996521 -0.082268 -0.013311 87.886065
0.018036 0.008623 0.999800 51.528640 -0.083295 0.996500 -0.007092 -0.389704 -0.996362 -0.083150 0.018692 87.968859
0.055328 0.006566 0.998447 52.080709 -0.086258 0.996271 -0.001772 -0.398297 -0.994735 -0.086026 0.055688 87.965977
0.095352 0.000740 0.995443 52.500339 -0.083862 0.996451 0.007292 -0.470248 -0.991905 -0.084175 0.095075 88.149700
0.140784 -0.001154 0.990040 53.029827 -0.083027 0.996463 0.012968 -0.456271 -0.986553 -0.084026 0.140190 88.332106
0.189829 -0.000001 0.981817 53.459523 -0.080464 0.996636 0.015558 -0.500254 -0.978514 -0.081954 0.189191 88.390336
0.240210 -0.003420 0.970715 53.817582 -0.082245 0.996326 0.023862 -0.512031 -0.967230 -0.085568 0.239047 88.498918
0.289604 -0.003602 0.957140 54.076051 -0.072510 0.997037 0.025692 -0.455958 -0.954396 -0.076842 0.288485 88.713267
0.345903 -0.003391 0.938264 54.469538 -0.070749 0.997052 0.029686 -0.453057 -0.935599 -0.076649 0.344644 88.974697
0.407098 -0.001002 0.913384 54.867060 -0.065873 0.997363 0.030454 -0.414747 -0.911006 -0.072566 0.405959 89.101352
0.463957 0.002433 0.885854 55.269083 -0.064949 0.997398 0.031277 -0.344923 -0.883474 -0.072046 0.462908 89.353570
0.524428 0.005379 0.851438 55.567662 -0.064710 0.997340 0.033556 -0.358313 -0.848992 -0.072694 0.523381 89.639146
0.583398 0.009372 0.812132 55.956121 -0.064079 0.997348 0.034522 -0.315589 -0.809655 -0.072181 0.582451 89.946064
0.639901 0.012613 0.768354 56.252811 -0.062417 0.997415 0.035609 -0.218933 -0.765919 -0.070744 0.639034 90.139358
0.689773 0.010214 0.723953 56.416291 -0.057857 0.997480 0.041052 -0.185985 -0.721710 -0.070202 0.688626 90.336539
0.735125 0.006169 0.677903 56.660580 -0.053872 0.997328 0.049343 -0.235329 -0.675788 -0.072794 0.733493 90.736785
0.780466 0.001109 0.625197 56.897894 -0.049961 0.996911 0.060599 -0.252817 -0.623198 -0.078531 0.778111 91.026097
0.819907 -0.001903 0.572494 57.086589 -0.045739 0.996580 0.068818 -0.235166 -0.570667 -0.082609 0.817016 91.464624
0.853785 -0.003389 0.520615 57.266310 -0.042651 0.996162 0.076430 -0.164904 -0.518876 -0.087460 0.850364 91.881110
0.881361 -0.000443 0.472443 57.466435 -0.041881 0.995989 0.079064 -0.076685 -0.470583 -0.089470 0.877808 92.209543
0.904916 0.002205 0.425584 57.663081 -0.042907 0.995364 0.086075 0.011570 -0.423421 -0.096151 0.900816 92.509276
0.921149 0.010660 0.389065 57.667655 -0.048459 0.994988 0.087470 0.249094 -0.386183 -0.099426 0.917048 93.079862
0.934225 0.015609 0.356343 57.774184 -0.050458 0.994778 0.088712 0.308473 -0.353097 -0.100858 0.930134 93.474918
0.945150 0.018808 0.326095 57.818143 -0.051011 0.994590 0.090486 0.375689 -0.322630 -0.102157 0.940996 93.897930
0.952664 0.013193 0.303737 57.950682 -0.042681 0.994968 0.090651 0.406512 -0.301013 -0.099324 0.948433 94.413231
0.957791 0.014171 0.287115 58.111709 -0.042233 0.994883 0.091783 0.509690 -0.284346 -0.100035 0.953489 95.043011
0.961395 0.016590 0.274670 58.204257 -0.043630 0.994744 0.092630 0.577152 -0.271690 -0.101038 0.957066 95.619090
0.964630 0.027492 0.262168 58.436017 -0.053422 0.994297 0.092296 0.736367 -0.258136 -0.103037 0.960598 96.040024
0.965838 0.038069 0.256336 58.577196 -0.063444 0.993786 0.091459 0.837594 -0.251262 -0.104597 0.962251 96.554531
0.966262 0.045205 0.253563 58.691621 -0.070291 0.993389 0.090759 0.954620 -0.247784 -0.105520 0.963052 97.127420
0.966791 0.049835 0.250663 58.790889 -0.074684 0.993082 0.090615 1.110063 -0.244413 -0.106326 0.963824 97.780514
0.967637 0.045328 0.248241 58.971712 -0.070294 0.993215 0.092646 1.182824 -0.242357 -0.107097 0.964258 98.396311
0.966250 0.053381 0.252016 59.123019 -0.077798 0.993083 0.087935 1.267276 -0.245579 -0.104574 0.963720 98.845235
0.965362 0.069771 0.251411 59.510280 -0.093268 0.992194 0.082777 1.414588 -0.243673 -0.103358 0.964334 99.384384
0.962813 0.083270 0.257015 59.594540 -0.106961 0.991072 0.079594 1.586465 -0.248093 -0.104125 0.963124 100.019875
0.959810 0.086803 0.266888 59.663643 -0.113519 0.989778 0.086334 1.754295 -0.256666 -0.113161 0.959853 100.683629
0.958526 0.091214 0.270014 59.760915 -0.119849 0.988566 0.091504 1.838719 -0.258580 -0.120070 0.958499 101.181514
0.957117 0.099234 0.272177 60.061343 -0.129719 0.986858 0.096360 2.001657 -0.259038 -0.127534 0.957410 101.773097
0.957797 0.084077 0.274873 60.063430 -0.117766 0.987104 0.108425 2.041446 -0.262213 -0.136220 0.955347 102.320182
0.959599 0.054547 0.276032 60.188850 -0.091449 0.988231 0.122626 2.218269 -0.266094 -0.142915 0.953294 102.635591
0.960659 0.032442 0.275829 60.388257 -0.071400 0.988622 0.132397 2.335159 -0.268395 -0.146882 0.952045 103.148174
0.960762 0.026801 0.276075 60.524289 -0.064300 0.989728 0.127685 2.519898 -0.269817 -0.140427 0.952617 103.839701
0.961402 0.032775 0.273190 60.797764 -0.067737 0.990515 0.119545 2.730091 -0.266680 -0.133436 0.954503 104.454104
0.962026 0.033491 0.270896 61.027624 -0.067386 0.990866 0.116805 2.884467 -0.264510 -0.130624 0.955496 105.132388
0.963600 0.023330 0.266327 61.279801 -0.056929 0.991243 0.119145 3.023304 -0.261215 -0.129970 0.956491 105.880162
0.963522 0.010725 0.267413 61.412903 -0.045708 0.991111 0.124939 3.122636 -0.263696 -0.132604 0.955448 106.680360
0.964132 0.020913 0.264599 61.638524 -0.057832 0.989491 0.132522 3.366656 -0.259047 -0.143071 0.955210 107.290865
0.963879 0.043469 0.262769 61.869957 -0.081388 0.987472 0.135189 3.589228 -0.253601 -0.151692 0.955341 108.042131
0.964031 0.051278 0.260798 61.949829 -0.088272 0.987288 0.132173 3.703365 -0.250705 -0.150440 0.956303 108.778726
0.964490 0.056148 0.258081 62.078606 -0.092082 0.987318 0.129322 3.764773 -0.247546 -0.148494 0.957429 109.475651
0.965653 0.050966 0.254788 62.311889 -0.086372 0.987776 0.129767 3.898305 -0.245060 -0.147316 0.958250 110.193807
0.967275 0.049458 0.248862 62.509712 -0.084282 0.987756 0.131282 3.965547 -0.239322 -0.147960 0.959600 110.935447
0.968393 0.052016 0.243946 62.730878 -0.086256 0.987510 0.131845 4.059927 -0.234041 -0.148720 0.960785 111.658697
0.969008 0.054457 0.240951 62.944459 -0.088735 0.987031 0.133778 4.151483 -0.230541 -0.151013 0.961273 112.429064
0.969357 0.054955 0.239429 63.118877 -0.089379 0.986755 0.135377 4.300723 -0.228818 -0.152628 0.961430 113.244102
0.969213 0.059924 0.238822 63.369390 -0.094420 0.986237 0.135723 4.372303 -0.227402 -0.154094 0.961532 114.024570
0.970362 0.049321 0.236569 63.608936 -0.083711 0.986943 0.137605 4.544505 -0.226693 -0.153330 0.961821 114.788994
0.970373 0.051581 0.236041 63.835401 -0.085643 0.986943 0.136411 4.690267 -0.225923 -0.152585 0.962121 115.592893
0.970904 0.055842 0.232868 64.103181 -0.089577 0.986525 0.136908 4.771648 -0.222085 -0.153784 0.962823 116.412606
0.970197 0.055610 0.235850 64.247831 -0.089135 0.986971 0.133955 4.858616 -0.225328 -0.150985 0.962513 117.190103
0.969924 0.056955 0.236652 64.497856 -0.090818 0.986709 0.134749 4.983170 -0.225832 -0.152188 0.962205 118.132631
0.968576 0.066741 0.239596 64.665898 -0.101099 0.985797 0.134099 5.093878 -0.227243 -0.154108 0.961567 119.007507
0.968411 0.069119 0.239588 64.867334 -0.103570 0.985511 0.134316 5.228178 -0.226833 -0.154887 0.961539 119.841590
0.967907 0.071156 0.241023 65.082805 -0.105609 0.985449 0.133179 5.423770 -0.228039 -0.154359 0.961338 120.604876
0.967833 0.066491 0.242648 65.264022 -0.100989 0.986009 0.132618 5.548482 -0.230435 -0.152857 0.961007 121.470723
0.968158 0.062985 0.242287 65.522914 -0.097434 0.986324 0.132932 5.638494 -0.230601 -0.152306 0.961055 122.368696
0.968173 0.060650 0.242821 65.729013 -0.094788 0.986778 0.131468 5.784677 -0.231637 -0.150300 0.961121 123.263206
0.968186 0.061228 0.242624 65.966222 -0.095879 0.986375 0.133684 6.002797 -0.231133 -0.152694 0.960865 124.081383
0.967178 0.064694 0.245726 66.272466 -0.100142 0.985825 0.134614 6.138493 -0.233535 -0.154803 0.959947 124.868387
0.966958 0.064182 0.246723 66.451539 -0.101099 0.984978 0.139994 6.275639 -0.234031 -0.160312 0.958921 125.654778
0.966253 0.066360 0.248901 66.750398 -0.102429 0.985554 0.134875 6.402930 -0.236355 -0.155818 0.959092 126.472212
0.966715 0.059856 0.248754 66.973069 -0.093617 0.987580 0.126183 6.608386 -0.238111 -0.145271 0.960312 127.320638
0.966792 0.058896 0.248685 67.133350 -0.091488 0.988354 0.121601 6.707206 -0.238627 -0.140314 0.960921 128.129537
0.967034 0.056764 0.248239 67.377196 -0.090305 0.987926 0.125887 6.853844 -0.238096 -0.144154 0.960484 128.982019
0.967295 0.052645 0.248132 67.644590 -0.088766 0.986626 0.136710 6.980988 -0.237616 -0.154265 0.959031 129.819149
0.967965 0.044878 0.247043 67.850210 -0.083813 0.985215 0.149421 7.193697 -0.236685 -0.165340 0.957415 130.623534
0.969040 0.042730 0.243178 68.119539 -0.084761 0.982628 0.165100 7.375986 -0.231899 -0.180600 0.955828 131.579624
0.969882 0.048527 0.238693 68.278172 -0.088392 0.983271 0.159261 7.520469 -0.226972 -0.175563 0.957947 132.379736
0.969925 0.049023 0.238418 68.552484 -0.087768 0.984052 0.154718 7.659812 -0.227031 -0.170990 0.958759 133.132214
0.970696 0.042936 0.236443 68.814159 -0.080779 0.984954 0.152774 7.785504 -0.226326 -0.167397 0.959560 133.951735
0.972333 0.035343 0.230910 68.951534 -0.072359 0.985440 0.153861 7.961836 -0.222110 -0.166312 0.960733 134.738464
0.973461 0.041024 0.225146 69.115142 -0.077204 0.984999 0.154329 8.136639 -0.215437 -0.167615 0.962025 135.553001
0.974193 0.043632 0.221459 69.236324 -0.078841 0.985118 0.152731 8.313917 -0.211499 -0.166249 0.963135 136.367475
0.974761 0.050126 0.217551 69.393128 -0.084733 0.984620 0.152788 8.492169 -0.206546 -0.167365 0.964016 137.204771
0.975130 0.056822 0.214226 69.502369 -0.091391 0.983664 0.155087 8.696425 -0.201914 -0.170808 0.964394 137.951297
0.975546 0.059748 0.211521 69.618153 -0.094746 0.982656 0.159404 8.898331 -0.198328 -0.175547 0.964287 138.733386
0.975981 0.060840 0.209188 69.755983 -0.096120 0.981955 0.162867 9.094588 -0.195504 -0.179062 0.964217 139.540489
0.976263 0.061509 0.207673 69.892392 -0.096446 0.981976 0.162546 9.237297 -0.193932 -0.178716 0.964599 140.377253
0.976732 0.061393 0.205489 70.098992 -0.095511 0.982408 0.160472 9.348576 -0.192022 -0.176365 0.965413 141.170840
0.977523 0.058449 0.202567 70.257280 -0.091545 0.983173 0.158082 9.454777 -0.189919 -0.173072 0.966425 141.989083
0.978601 0.056492 0.197861 70.336918 -0.088860 0.983313 0.158743 9.559853 -0.185592 -0.172928 0.967291 142.729878
0.980045 0.053806 0.191353 70.464647 -0.085648 0.983026 0.162245 9.621103 -0.179375 -0.175396 0.968019 143.630986
0.981100 0.049185 0.187145 70.667761 -0.080855 0.982880 0.165560 9.771692 -0.175798 -0.177563 0.968280 144.490258
0.982399 0.042658 0.181857 70.799172 -0.074372 0.982405 0.171319 9.826027 -0.171349 -0.181828 0.968286 145.387677
0.983132 0.036560 0.179208 70.925472 -0.067937 0.982713 0.172221 10.031340 -0.169813 -0.181491 0.968620 146.160733
0.983821 0.043005 0.173916 71.053346 -0.072963 0.982786 0.169728 10.272790 -0.163624 -0.179671 0.970023 146.917313
0.985283 0.044229 0.165110 71.156788 -0.071364 0.984170 0.162223 10.346114 -0.155321 -0.171618 0.972843 147.698444
0.986543 0.041824 0.158062 71.299069 -0.067272 0.984942 0.159260 10.528105 -0.149021 -0.167750 0.974501 148.365165
0.987699 0.044651 0.149856 71.373192 -0.068333 0.985261 0.156816 10.728655 -0.140645 -0.165127 0.976193 149.253287
0.988639 0.044075 0.143700 71.464586 -0.067229 0.984745 0.160489 10.897467 -0.134434 -0.168327 0.976521 150.040730
0.989610 0.042060 0.137488 71.590818 -0.064625 0.984337 0.164026 11.091869 -0.128435 -0.171207 0.976828 150.927659
0.990631 0.038477 0.131033 71.705546 -0.060077 0.984443 0.165117 11.254810 -0.122641 -0.171442 0.977531 151.727596
0.991809 0.033063 0.123376 71.832525 -0.053092 0.985234 0.162773 11.426682 -0.116172 -0.167990 0.978919 152.617007
0.993018 0.032757 0.113327 72.057422 -0.051345 0.984921 0.165213 11.566041 -0.106206 -0.169878 0.979725 153.474767
0.993775 0.035940 0.105445 72.125203 -0.053889 0.983506 0.172662 11.746387 -0.097500 -0.177270 0.979321 154.395671
0.994691 0.033912 0.097158 72.381435 -0.050929 0.982634 0.178430 11.943742 -0.089420 -0.182431 0.979144 155.207800
0.995510 0.036032 0.087527 72.400571 -0.051433 0.982202 0.180646 12.081730 -0.079460 -0.184337 0.979646 156.012951
0.995973 0.037914 0.081239 72.405150 -0.052163 0.982064 0.181187 12.256212 -0.072913 -0.184695 0.980087 156.836712
0.996306 0.037656 0.077178 72.443173 -0.051145 0.982144 0.181047 12.423391 -0.068982 -0.184326 0.980442 157.655262
0.996556 0.036890 0.074259 72.502061 -0.049655 0.982746 0.178173 12.549061 -0.066405 -0.181247 0.981193 158.537870
0.996141 0.043375 0.076298 72.510831 -0.056166 0.983065 0.174435 12.684927 -0.067439 -0.178047 0.981708 159.388056
0.996194 0.046284 0.073865 72.549370 -0.058438 0.983372 0.171944 12.812384 -0.064678 -0.175606 0.982333 160.236362
0.996356 0.048238 0.070344 72.508938 -0.060069 0.982343 0.177184 13.112389 -0.060555 -0.180764 0.981661 161.178009
0.996497 0.045847 0.069937 72.552223 -0.058035 0.981280 0.183634 13.458492 -0.060208 -0.187050 0.980504 162.118441
0.996907 0.041984 0.066440 72.597236 -0.053782 0.980855 0.187166 13.669353 -0.057310 -0.190160 0.980079 162.939729
0.997113 0.041749 0.063423 72.657612 -0.053171 0.980206 0.190708 13.882903 -0.054205 -0.193530 0.979596 163.762057
0.997282 0.041786 0.060676 72.736426 -0.052720 0.980062 0.191568 14.016751 -0.051462 -0.194246 0.979602 164.581735
0.997852 0.038334 0.053123 72.768208 -0.047646 0.981219 0.186919 14.145387 -0.044960 -0.189049 0.980938 165.395557
0.998148 0.039200 0.046521 72.767327 -0.047204 0.981453 0.185799 14.438088 -0.038374 -0.187651 0.981486 166.194102
0.998471 0.040432 0.037694 72.816410 -0.046903 0.980535 0.190662 14.694259 -0.029251 -0.192138 0.980932 166.945842
0.999046 0.032254 0.029432 72.819149 -0.037358 0.980334 0.193778 14.909312 -0.022603 -0.194692 0.980604 167.737183
0.998530 0.048521 0.024161 72.979682 -0.052319 0.979281 0.195633 15.163971 -0.014168 -0.196609 0.980380 168.632024
0.998644 0.048567 0.018762 73.015081 -0.051337 0.978569 0.199416 15.518586 -0.008674 -0.200109 0.979735 169.413644
0.998402 0.055354 0.011361 73.001917 -0.056507 0.977524 0.203111 15.872190 0.000137 -0.203429 0.979090 170.233835
0.998321 0.057805 0.003820 72.987825 -0.057449 0.979356 0.193806 15.863419 0.007461 -0.193700 0.981033 171.047252
0.998280 0.058569 -0.002719 73.012285 -0.057015 0.980515 0.187990 15.893022 0.013676 -0.187512 0.982167 172.011715
0.997898 0.064357 -0.007633 73.071092 -0.061713 0.979591 0.191291 16.147567 0.019788 -0.190418 0.981504 172.903778
0.997904 0.063275 -0.013527 73.086599 -0.059277 0.977814 0.200912 16.397465 0.025940 -0.199689 0.979516 173.693666
0.997782 0.063531 -0.019891 73.055346 -0.058179 0.977384 0.203313 16.597643 0.032358 -0.201705 0.978912 174.621593
0.997620 0.064424 -0.024556 73.043528 -0.057996 0.976748 0.206396 16.872635 0.037282 -0.204481 0.978160 175.497442
0.997120 0.071038 -0.026566 73.021137 -0.064359 0.977851 0.199160 16.951321 0.040125 -0.196876 0.979607 176.375471
0.995923 0.085660 -0.028266 73.034734 -0.078742 0.978458 0.190841 17.030721 0.044004 -0.187837 0.981214 177.134597
0.995017 0.094768 -0.030998 72.952449 -0.087253 0.978032 0.189317 17.131399 0.048258 -0.185669 0.981427 178.020282
0.995279 0.091108 -0.033449 72.957494 -0.083096 0.978001 0.191335 17.166539 0.050145 -0.187652 0.980955 178.941277
0.995084 0.093085 -0.033814 72.922513 -0.084776 0.977122 0.195053 17.364147 0.051197 -0.191227 0.980210 179.869042
0.994934 0.094581 -0.034066 72.888825 -0.086078 0.976553 0.197319 17.585300 0.051930 -0.193387 0.979747 180.712330
0.994364 0.099282 -0.037202 72.822949 -0.090067 0.976129 0.197635 17.807053 0.055936 -0.193171 0.979569 181.514895
0.994738 0.094620 -0.039291 72.798012 -0.085036 0.976406 0.198492 18.125788 0.057146 -0.194107 0.979315 182.299234
0.993781 0.103380 -0.041383 72.772293 -0.093463 0.976395 0.194727 18.288909 0.060537 -0.189648 0.979984 183.133824
0.993976 0.101123 -0.042264 72.742597 -0.091228 0.977085 0.192306 18.463009 0.060742 -0.187292 0.980424 183.935235
0.996186 0.075999 -0.042862 72.710235 -0.066213 0.978390 0.195878 18.615492 0.056822 -0.192293 0.979691 184.810049
0.997222 0.058744 -0.045807 72.699600 -0.048423 0.978467 0.200641 18.935147 0.056607 -0.197865 0.978593 185.614488
0.997148 0.058559 -0.047615 72.622148 -0.047739 0.978006 0.203042 19.231199 0.058458 -0.200190 0.978012 186.409295
0.995382 0.082148 -0.049662 72.614447 -0.070632 0.977120 0.200618 19.555008 0.065006 -0.196184 0.978410 187.203651
0.994681 0.090217 -0.049697 72.589241 -0.078783 0.977205 0.197139 19.801181 0.066349 -0.192175 0.979115 188.111138
0.995979 0.074292 -0.050055 72.496169 -0.063172 0.978656 0.195556 19.994664 0.063515 -0.191608 0.979414 188.950701
0.995674 0.077085 -0.051879 72.434372 -0.065387 0.977976 0.198213 20.152905 0.066016 -0.193963 0.978785 189.740348
0.995240 0.082221 -0.052307 72.377178 -0.070125 0.976982 0.201466 20.364474 0.067668 -0.196839 0.978098 190.524610
0.995886 0.073758 -0.052642 72.289664 -0.061708 0.977422 0.202087 20.516917 0.066359 -0.198007 0.977952 191.438988
0.995944 0.071831 -0.054186 72.206761 -0.059577 0.977755 0.201110 20.666169 0.067426 -0.197066 0.978069 192.235413
0.995471 0.077051 -0.055685 72.168437 -0.064400 0.977431 0.201199 20.855881 0.069931 -0.196701 0.977966 193.027322
0.995794 0.072119 -0.056510 72.164219 -0.059408 0.977787 0.201007 20.883686 0.069751 -0.196804 0.977959 193.873825
0.995791 0.070832 -0.058157 72.195493 -0.057583 0.977223 0.204251 20.969820 0.071300 -0.200043 0.977189 194.682743
0.995606 0.069872 -0.062343 72.155522 -0.055736 0.977158 0.205077 21.241583 0.075248 -0.200701 0.976758 195.503453
0.995574 0.067168 -0.065737 72.052836 -0.052214 0.976871 0.207358 21.396225 0.078145 -0.203008 0.976054 196.350270
0.996472 0.052140 -0.065758 72.109995 -0.037180 0.976761 0.211081 21.550449 0.075236 -0.207891 0.975254 197.192465
