1.000000 0.000000 0.000000 0.000000 0.000000 1.000000 0.000000 0.000000 0.000000 0.000000 1.000000 0.000000
0.999995 -0.001482 -0.002636 -0.011522 0.001478 0.999998 -0.001264 -0.043128 0.002638 0.001260 0.999996 0.749336
0.999987 -0.000721 -0.005128 -0.050261 0.000708 0.999996 -0.002646 -0.032366 0.005130 0.002642 0.999983 1.381821
0.999965 0.001291 -0.008233 -0.068109 -0.001320 0.999993 -0.003480 -0.033985 0.008228 0.003491 0.999960 2.126180
0.999928 0.002055 -0.011799 -0.108995 -0.002109 0.999988 -0.004533 -0.054512 0.011790 0.004557 0.999920 2.872770
0.999883 0.000384 -0.015311 -0.127664 -0.000453 0.999990 -0.004523 -0.063123 0.015309 0.004529 0.999873 3.640832
0.999815 -0.000323 -0.019243 -0.192458 0.000213 0.999984 -0.005703 -0.080609 0.019245 0.005698 0.999799 4.423142
0.999685 0.001633 -0.025057 -0.239473 -0.001764 0.999985 -0.005191 -0.103139 0.025049 0.005234 0.999673 5.210578
0.999562 0.005382 -0.029118 -0.306924 -0.005506 0.999976 -0.004185 -0.127760 0.029094 0.004344 0.999567 6.003496
0.999441 0.004084 -0.033192 -0.348539 -0.004163 0.999989 -0.002331 -0.145762 0.033182 0.002468 0.999446 6.812814
0.999325 0.002240 -0.036667 -0.357272 -0.002240 0.999997 0.000023 -0.156192 0.036667 0.000059 0.999328 7.624385
0.999217 0.003327 -0.039426 -0.377023 -0.003323 0.999994 0.000163 -0.181688 0.039426 -0.000032 0.999222 8.450618
0.999086 0.003729 -0.042580 -0.411443 -0.003745 0.999993 -0.000295 -0.194218 0.042578 0.000454 0.999093 9.292411
0.999013 0.001977 -0.044366 -0.398418 -0.002007 0.999998 -0.000624 -0.211291 0.044365 0.000713 0.999015 10.128070
0.998939 0.002216 -0.046006 -0.494649 -0.002270 0.999997 -0.001137 -0.238714 0.046003 0.001240 0.998941 11.010151
0.998855 -0.001316 -0.047815 -0.524534 0.001288 0.999999 -0.000615 -0.244047 0.047816 0.000552 0.998856 11.883241
0.998802 -0.000397 -0.048943 -0.549573 0.000291 0.999998 -0.002159 -0.256868 0.048943 0.002142 0.998799 12.723776
0.998840 0.001853 -0.048125 -0.592446 -0.002067 0.999988 -0.004409 -0.269157 0.048117 0.004503 0.998832 13.649039
0.998782 0.007797 -0.048714 -0.660942 -0.008109 0.999948 -0.006226 -0.298684 0.048663 0.006614 0.998793 14.516001
0.998687 0.008322 -0.050539 -0.747429 -0.008636 0.999945 -0.005999 -0.303025 0.050486 0.006428 0.998704 15.489642
0.998594 0.008490 -0.052323 -0.805065 -0.008766 0.999949 -0.005062 -0.321792 0.052277 0.005514 0.998617 16.376311
0.998497 0.008990 -0.054068 -0.854062 -0.009228 0.999949 -0.004142 -0.330513 0.054028 0.004635 0.998529 17.315402
0.998426 0.009193 -0.055327 -0.929834 -0.009390 0.999950 -0.003301 -0.380134 0.055294 0.003816 0.998463 18.222023
0.998284 0.009580 -0.057762 -0.998163 -0.009878 0.999939 -0.004878 -0.389556 0.057712 0.005440 0.998318 19.117959
0.998171 0.009300 -0.059728 -1.067460 -0.009576 0.999945 -0.004342 -0.422241 0.059684 0.004906 0.998205 20.058844
0.998174 0.008164 -0.059855 -1.111417 -0.008398 0.999958 -0.003666 -0.448685 0.059823 0.004162 0.998200 21.015646
0.998195 0.009050 -0.059362 -1.208949 -0.009082 0.999959 -0.000263 -0.472711 0.059357 0.000801 0.998236 21.989888
0.998235 0.009586 -0.058608 -1.249745 -0.009453 0.999952 0.002539 -0.512119 0.058629 -0.001980 0.998278 22.922326
0.998384 0.006989 -0.056399 -1.348936 -0.006790 0.999970 0.003717 -0.516079 0.056423 -0.003328 0.998401 23.947697
0.998571 0.005402 -0.053163 -1.376894 -0.005187 0.999978 0.004185 -0.522334 0.053184 -0.003903 0.998577 24.914219
0.998645 0.005477 -0.051757 -1.435887 -0.005383 0.999984 0.001946 -0.506210 0.051767 -0.001665 0.998658 25.876359
0.998717 0.007342 -0.050095 -1.477666 -0.007492 0.999968 -0.002809 -0.522357 0.050073 0.003181 0.998741 26.834002
0.998839 0.006050 -0.047785 -1.559936 -0.006285 0.999969 -0.004768 -0.541994 0.047755 0.005063 0.998846 27.797305
0.998937 0.007422 -0.045486 -1.624460 -0.007700 0.999953 -0.005947 -0.617879 0.045440 0.006291 0.998947 28.759752
0.998894 0.005749 -0.046676 -1.642637 -0.005777 0.999983 -0.000451 -0.643456 0.046672 0.000720 0.998910 29.776821
0.998882 0.003701 -0.047125 -1.678553 -0.003593 0.999991 0.002383 -0.656153 0.047133 -0.002211 0.998886 30.752894
0.998839 -0.002235 -0.048112 -1.690377 0.002292 0.999997 0.001147 -0.708545 0.048110 -0.001255 0.998841 31.768208
0.998728 0.000214 -0.050419 -1.742611 -0.000301 0.999998 -0.001734 -0.709387 0.050418 0.001747 0.998727 32.773993
0.998625 0.002088 -0.052380 -1.836759 -0.002389 0.999981 -0.005677 -0.750623 0.052367 0.005795 0.998611 33.745083
0.998524 0.001975 -0.054274 -1.910956 -0.002344 0.999974 -0.006748 -0.751952 0.054259 0.006865 0.998503 34.820015
0.998468 0.000146 -0.055334 -1.937973 -0.000426 0.999987 -0.005048 -0.778970 0.055332 0.005064 0.998455 35.874517
0.998421 0.002885 -0.056091 -2.005882 -0.003107 0.999988 -0.003866 -0.788077 0.056079 0.004034 0.998418 36.896072
0.998421 0.005158 -0.055932 -2.079962 -0.005319 0.999982 -0.002730 -0.820128 0.055917 0.003023 0.998431 37.889080
0.998413 0.007191 -0.055851 -2.148861 -0.007285 0.999972 -0.001482 -0.853200 0.055839 0.001886 0.998438 38.871636
0.998419 0.004573 -0.056025 -2.178069 -0.004471 0.999988 0.001946 -0.885714 0.056034 -0.001693 0.998427 39.845374
0.998352 0.006760 -0.056984 -2.257684 -0.006549 0.999971 0.003892 -0.893143 0.057009 -0.003513 0.998367 40.866152
0.998304 0.009882 -0.057364 -2.297219 -0.009631 0.999943 0.004660 -0.910586 0.057406 -0.004100 0.998342 41.853450
0.998245 0.008902 -0.058541 -2.349305 -0.008753 0.999958 0.002803 -0.920217 0.058564 -0.002286 0.998281 42.871958
0.998146 0.015479 -0.058872 -2.411713 -0.015495 0.999880 0.000169 -0.963537 0.058868 0.000743 0.998266 43.875054
0.997975 0.015861 -0.061597 -2.465841 -0.015832 0.999874 0.000973 -0.988483 0.061605 0.000004 0.998101 44.888473
0.998028 0.012412 -0.061527 -2.558141 -0.012272 0.999921 0.002657 -1.003649 0.061555 -0.001897 0.998102 45.862321
0.998108 0.013381 -0.060011 -2.632423 -0.013217 0.999908 0.003134 -0.993780 0.060048 -0.002335 0.998193 46.877832
0.998059 0.012165 -0.061073 -2.723410 -0.012088 0.999926 0.001632 -1.018565 0.061089 -0.000890 0.998132 47.895493
0.998107 0.012886 -0.060140 -2.799020 -0.013099 0.999909 -0.003143 -1.016762 0.060094 0.003925 0.998185 48.878189
0.998095 0.011865 -0.060552 -2.886103 -0.012164 0.999916 -0.004579 -1.047306 0.060492 0.005306 0.998155 49.876669
0.998056 0.012266 -0.061111 -2.981638 -0.012416 0.999921 -0.002073 -1.063182 0.061081 0.002828 0.998129 50.860401
0.998245 0.008348 -0.058621 -3.056034 -0.008291 0.999965 0.001200 -1.087984 0.058629 -0.000712 0.998280 51.864889
0.998326 0.008985 -0.057143 -3.103132 -0.008955 0.999960 0.000771 -1.148149 0.057147 -0.000258 0.998366 52.873227
0.998409 0.006726 -0.055977 -3.110178 -0.006733 0.999977 0.000072 -1.163907 0.055976 0.000305 0.998432 53.816506
0.998427 0.004619 -0.055872 -3.183495 -0.004681 0.999989 -0.000983 -1.173177 0.055867 0.001243 0.998437 54.802958
0.998401 0.003858 -0.056403 -3.247641 -0.003870 0.999993 -0.000107 -1.194870 0.056402 0.000325 0.998408 55.750527
0.998341 0.005367 -0.057335 -3.300653 -0.005309 0.999985 0.001172 -1.242187 0.057341 -0.000866 0.998354 56.745704
0.998286 0.003775 -0.058395 -3.376583 -0.003489 0.999981 0.004993 -1.273925 0.058412 -0.004781 0.998281 57.666820
0.998294 0.002972 -0.058309 -3.452414 -0.002560 0.999971 0.007139 -1.277081 0.058328 -0.006977 0.998273 58.593926
0.998216 0.005100 -0.059484 -3.509063 -0.004899 0.999982 0.003525 -1.277798 0.059501 -0.003227 0.998223 59.580040
0.997959 0.007154 -0.063463 -3.561551 -0.007304 0.999971 -0.002124 -1.282261 0.063446 0.002583 0.997982 60.533762
0.997945 0.007620 -0.063618 -3.688591 -0.007989 0.999953 -0.005539 -1.286038 0.063573 0.006036 0.997959 61.456004
0.997810 0.009396 -0.065467 -3.757296 -0.009837 0.999931 -0.006422 -1.297599 0.065403 0.007052 0.997834 62.385948
0.997715 0.012616 -0.066371 -3.796754 -0.013004 0.999901 -0.005419 -1.297061 0.066296 0.006270 0.997780 63.274300
0.997679 0.015341 -0.066347 -3.838948 -0.015651 0.999869 -0.004158 -1.351353 0.066275 0.005187 0.997788 64.177792
0.997615 0.017902 -0.066662 -3.952095 -0.018242 0.999824 -0.004494 -1.384971 0.066570 0.005699 0.997766 65.053942
0.997556 0.018909 -0.067270 -4.009950 -0.019198 0.999809 -0.003666 -1.380853 0.067188 0.004949 0.997728 65.888595
0.997319 0.021827 -0.069842 -4.058141 -0.022125 0.999749 -0.003498 -1.408475 0.069749 0.005034 0.997552 66.794919
0.997241 0.019540 -0.071610 -4.108703 -0.019871 0.999795 -0.003909 -1.428313 0.071519 0.005321 0.997425 67.615741
0.997126 0.020479 -0.072945 -4.188634 -0.020754 0.999780 -0.003001 -1.458252 0.072867 0.004506 0.997331 68.445749
0.996904 0.019316 -0.076219 -4.268129 -0.019386 0.999812 -0.000188 -1.463754 0.076201 0.001665 0.997091 69.285018
0.996907 0.018326 -0.076420 -4.337829 -0.018257 0.999832 0.001600 -1.487853 0.076437 -0.000200 0.997074 70.088989
0.996829 0.017579 -0.077606 -4.413720 -0.017395 0.999844 0.003040 -1.494925 0.077647 -0.001681 0.996979 70.903393
0.996651 0.020178 -0.079247 -4.519749 -0.020256 0.999795 -0.000187 -1.496097 0.079227 0.001792 0.996855 71.678582
0.996454 0.021580 -0.081326 -4.570997 -0.022069 0.999743 -0.005123 -1.506842 0.081194 0.006899 0.996674 72.449027
0.996472 0.020717 -0.081330 -4.596864 -0.021585 0.999719 -0.009809 -1.518622 0.081104 0.011530 0.996639 73.182999
0.996323 0.026107 -0.081597 -4.656401 -0.027017 0.999584 -0.010065 -1.548170 0.081300 0.012232 0.996615 73.897389
0.996259 0.025399 -0.082603 -4.716118 -0.026170 0.999623 -0.008267 -1.553566 0.082362 0.010398 0.996548 74.602742
0.996334 0.018852 -0.083446 -4.801924 -0.019493 0.999786 -0.006872 -1.568411 0.083299 0.008473 0.996489 75.267938
0.996311 0.019198 -0.083645 -4.838268 -0.020017 0.999760 -0.008955 -1.597235 0.083453 0.010596 0.996455 75.866589
0.996396 0.012834 -0.083853 -4.885487 -0.013958 0.999820 -0.012834 -1.646441 0.083673 0.013958 0.996396 76.501310
0.996455 0.012759 -0.083152 -4.949764 -0.014251 0.999748 -0.017372 -1.679577 0.082909 0.018495 0.996385 77.107135
0.996656 0.011906 -0.080845 -5.011160 -0.013392 0.999751 -0.017873 -1.698393 0.080612 0.018896 0.996566 77.721906
0.996883 0.013633 -0.077713 -5.107602 -0.014911 0.999763 -0.015891 -1.698308 0.077478 0.017000 0.996849 78.287563
0.997207 0.014175 -0.073325 -5.115969 -0.015176 0.999799 -0.013102 -1.727945 0.073125 0.014178 0.997222 78.829064
0.997662 0.008232 -0.067841 -5.170420 -0.008962 0.999905 -0.010462 -1.790667 0.067748 0.011046 0.997641 79.388255
0.998197 0.003467 -0.059919 -5.184597 -0.003919 0.999965 -0.007418 -1.806298 0.059891 0.007639 0.998176 79.905496
0.998796 0.007237 -0.048511 -5.188515 -0.007646 0.999937 -0.008248 -1.834097 0.048448 0.008609 0.998789 80.438925
0.999370 0.010095 -0.034039 -5.271472 -0.010413 0.999904 -0.009189 -1.857653 0.033943 0.009538 0.999378 80.967144
0.999771 0.014101 -0.016107 -5.283809 -0.014242 0.999861 -0.008700 -1.880214 0.015982 0.008927 0.999832 81.489019
0.999914 0.011777 0.005729 -5.285580 -0.011728 0.999896 -0.008444 -1.901400 -0.005828 0.008376 0.999948 82.020978
0.999483 0.009996 0.030547 -5.250392 -0.009768 0.999923 -0.007620 -1.903564 -0.030621 0.007318 0.999504 82.491392
0.998219 0.009369 0.058924 -5.194178 -0.008969 0.999935 -0.007052 -1.933158 -0.058986 0.006511 0.998238 82.949871
0.995851 0.007036 0.090724 -5.161581 -0.006437 0.999956 -0.006890 -1.940343 -0.090769 0.006277 0.995852 83.432701
0.991981 0.005808 0.126250 -5.112234 -0.005013 0.999966 -0.006610 -1.958244 -0.126284 0.005924 0.991976 83.903746
0.985817 0.006576 0.167695 -5.008749 -0.005429 0.999959 -0.007295 -1.994543 -0.167736 0.006281 0.985812 84.350833
0.977328 0.004544 0.211683 -4.927659 -0.003110 0.999970 -0.007103 -2.019823 -0.211709 0.006284 0.977313 84.806668
0.965861 0.005076 0.259013 -4.778609 -0.002885 0.999957 -0.008836 -2.042151 -0.259047 0.007787 0.965833 85.243038
0.949824 0.005601 0.312735 -4.630066 -0.002490 0.999943 -0.010345 -2.046990 -0.312775 0.009048 0.949784 85.618399
0.930093 0.005756 0.367280 -4.402182 -0.001469 0.999928 -0.011951 -2.077914 -0.367322 0.010576 0.930034 86.031485
0.905585 0.006011 0.424123 -4.215844 -0.000048 0.999901 -0.014069 -2.084799 -0.424165 0.012720 0.905495 86.417951
0.875986 0.006626 0.482292 -3.986764 0.000759 0.999885 -0.015116 -2.076439 -0.482337 0.013607 0.875880 86.771695
0.841820 0.004872 0.539736 -3.683944 0.004600 0.999858 -0.016201 -2.123016 -0.539738 0.016121 0.841679 87.087768
0.805020 0.004934 0.593228 -3.468563 0.005928 0.999849 -0.016360 -2.135760 -0.593219 0.016687 0.804869 87.364256
0.764559 0.002491 0.644548 -3.199222 0.009407 0.999843 -0.015022 -2.170935 -0.644485 0.017549 0.764416 87.697784
0.721896 0.001527 0.692000 -2.881053 0.010505 0.999858 -0.013166 -2.177184 -0.691922 0.016774 0.721777 87.970935
0.676671 0.000605 0.736285 -2.592980 0.012508 0.999846 -0.012317 -2.195914 -0.736179 0.017544 0.676559 88.213908
0.629438 0.000554 0.777050 -2.257100 0.014848 0.999809 -0.012739 -2.203613 -0.776908 0.019556 0.629310 88.397145
0.582093 -0.002872 0.813117 -1.934663 0.020003 0.999742 -0.010789 -2.248168 -0.812876 0.022545 0.582000 88.537146
0.534389 -0.000818 0.845238 -1.583455 0.018830 0.999763 -0.010938 -2.257159 -0.845029 0.021760 0.534278 88.722212
0.487181 0.002249 0.873298 -1.295071 0.016962 0.999784 -0.012037 -2.252818 -0.873136 0.020677 0.487037 88.844795
0.441511 0.004252 0.897246 -0.948009 0.016623 0.999778 -0.012918 -2.286032 -0.897102 0.020618 0.441342 88.998271
0.399938 0.003115 0.916537 -0.545688 0.022457 0.999661 -0.013197 -2.285862 -0.916267 0.025860 0.399732 89.178312
0.360514 -0.004669 0.932742 -0.173810 0.034254 0.999379 -0.008237 -2.342063 -0.932125 0.034920 0.360450 89.252570
0.325136 -0.006556 0.945645 0.153110 0.039324 0.999205 -0.006593 -2.329668 -0.944849 0.039330 0.325135 89.372787
0.291875 -0.002100 0.956454 0.568843 0.036477 0.999295 -0.008938 -2.353168 -0.955761 0.037497 0.291746 89.458195
0.261078 0.003080 0.965313 0.960322 0.028864 0.999523 -0.010996 -2.298326 -0.964886 0.030733 0.260864 89.589694
0.231038 0.008858 0.972904 1.404871 0.025740 0.999553 -0.015213 -2.346196 -0.972604 0.028558 0.230707 89.658218
0.202833 0.009111 0.979171 1.770796 0.028305 0.999484 -0.015163 -2.354317 -0.978804 0.030791 0.202470 89.737575
0.179752 0.008924 0.983672 2.174679 0.033233 0.999333 -0.015139 -2.393265 -0.983150 0.035412 0.179335 89.775282
0.162122 0.014413 0.986665 2.559273 0.039346 0.999004 -0.021058 -2.416464 -0.985986 0.042236 0.161394 89.805634
0.141706 0.019046 0.989726 2.993277 0.039892 0.998893 -0.024934 -2.406820 -0.989105 0.043015 0.140790 89.888830
0.122857 0.020040 0.992222 3.445877 0.036728 0.999019 -0.024725 -2.415146 -0.991745 0.039480 0.122000 89.916425
0.107540 0.016545 0.994063 3.935216 0.036557 0.999120 -0.020584 -2.436990 -0.993528 0.038553 0.106841 90.015271
0.093238 0.013320 0.995555 4.394912 0.035645 0.999225 -0.016707 -2.455806 -0.995006 0.037044 0.092691 90.027594
0.079670 0.012408 0.996744 4.877828 0.036164 0.999228 -0.015329 -2.475050 -0.996165 0.037267 0.079160 90.042137
0.067854 0.011137 0.997633 5.386571 0.038835 0.999150 -0.013795 -2.503574 -0.996939 0.039679 0.067364 90.084576
0.057858 0.011547 0.998258 5.884355 0.038792 0.999152 -0.013805 -2.520426 -0.997571 0.039523 0.057361 90.098236
0.049272 0.012436 0.998708 6.416116 0.039271 0.999125 -0.014378 -2.536856 -0.998013 0.039929 0.048741 90.134359
0.042359 0.013645 0.999009 6.987460 0.039596 0.999098 -0.015326 -2.533727 -0.998318 0.040206 0.041781 90.127577
0.036510 0.014246 0.999232 7.567724 0.042452 0.998974 -0.015794 -2.586286 -0.998431 0.042996 0.035867 90.167144
0.030532 0.015735 0.999410 8.139307 0.041461 0.998996 -0.016995 -2.607496 -0.998674 0.041956 0.029849 90.186505
0.025954 0.015749 0.999539 8.733194 0.046703 0.998765 -0.016950 -2.621640 -0.998572 0.047121 0.025186 90.170658
0.023191 0.015801 0.999606 9.335950 0.049851 0.998613 -0.016942 -2.646277 -0.998487 0.050225 0.022371 90.173942
0.020000 0.015392 0.999681 10.007715 0.045402 0.998836 -0.016288 -2.655393 -0.998769 0.045714 0.019278 90.113181
0.017309 0.015867 0.999724 10.670011 0.048272 0.998695 -0.016686 -2.670062 -0.998684 0.048547 0.016520 90.117567
0.017057 0.014654 0.999747 11.348221 0.048797 0.998689 -0.015471 -2.671898 -0.998663 0.049049 0.016320 90.072143
0.017758 0.013948 0.999745 12.080758 0.049069 0.998686 -0.014805 -2.718802 -0.998638 0.049319 0.017050 90.116413
0.017416 0.014055 0.999750 12.798875 0.054554 0.998398 -0.014986 -2.732081 -0.998359 0.054802 0.016621 90.128488
0.021278 0.014239 0.999672 13.503573 0.057534 0.998224 -0.015443 -2.764282 -0.998117 0.057844 0.020421 90.128123
0.024966 0.014444 0.999584 14.278185 0.054477 0.998390 -0.015787 -2.804112 -0.998203 0.054849 0.024139 90.100704
0.027955 0.012355 0.999533 15.060492 0.056250 0.998320 -0.013914 -2.808676 -0.998025 0.056612 0.027213 90.123695
0.031871 0.011578 0.999425 15.875724 0.056343 0.998322 -0.013362 -2.853045 -0.997903 0.056736 0.031165 90.137806
0.036607 0.010264 0.999277 16.672115 0.056116 0.998348 -0.012310 -2.886867 -0.997753 0.056527 0.035970 90.145346
0.040440 0.009539 0.999136 17.412842 0.054961 0.998419 -0.011757 -2.916692 -0.997669 0.055389 0.039851 90.177704
0.043480 0.010166 0.999003 18.242438 0.052873 0.998523 -0.012463 -2.938502 -0.997654 0.053363 0.042879 90.187569
0.048034 0.013479 0.998755 19.079836 0.046421 0.998798 -0.015712 -2.933133 -0.997766 0.047118 0.047351 90.210019
0.050203 0.017891 0.998579 19.901987 0.042238 0.998907 -0.020021 -2.941194 -0.997846 0.043183 0.049392 90.247918
0.049524 0.019795 0.998577 20.742963 0.044759 0.998755 -0.022018 -2.981494 -0.997770 0.045785 0.048576 90.263184
0.049482 0.019997 0.998575 21.503801 0.042181 0.998866 -0.022093 -3.009423 -0.997884 0.043214 0.048582 90.313795
0.050860 0.017926 0.998545 22.316607 0.042567 0.998891 -0.020101 -3.066615 -0.997798 0.043528 0.050041 90.352253
0.050036 0.017366 0.998596 23.134978 0.041998 0.998928 -0.019476 -3.104725 -0.997864 0.042913 0.049253 90.356491
0.049145 0.016698 0.998652 24.001101 0.043749 0.998865 -0.018854 -3.129168 -0.997833 0.044617 0.048358 90.423247
0.047737 0.017372 0.998709 24.843543 0.039566 0.999031 -0.019269 -3.152244 -0.998076 0.040435 0.047004 90.456208
0.047801 0.018060 0.998694 25.669330 0.038508 0.999060 -0.019910 -3.168357 -0.998114 0.039409 0.047061 90.477434
0.047085 0.019386 0.998703 26.475831 0.035564 0.999145 -0.021071 -3.212586 -0.998258 0.036510 0.046355 90.577240
0.044570 0.018967 0.998826 27.279490 0.033047 0.999245 -0.020449 -3.259902 -0.998460 0.033920 0.043910 90.577259
0.040779 0.018793 0.998991 28.095553 0.037987 0.999071 -0.020345 -3.306323 -0.998446 0.038778 0.040028 90.586833
0.037046 0.016269 0.999181 28.899976 0.031965 0.999337 -0.017457 -3.356275 -0.998802 0.032586 0.036501 90.602913
0.033107 0.016185 0.999321 29.725485 0.029773 0.999409 -0.017172 -3.390115 -0.999008 0.030321 0.032605 90.630561
0.026723 0.015974 0.999515 30.568025 0.029436 0.999426 -0.016760 -3.411361 -0.999209 0.029869 0.026237 90.636408
0.019152 0.015509 0.999696 31.404007 0.025474 0.999548 -0.015995 -3.429667 -0.999492 0.025773 0.018748 90.612809
0.008744 0.015706 0.999838 32.255451 0.023163 0.999605 -0.015905 -3.454194 -0.999693 0.023298 0.008377 90.631259
-0.000955 0.015788 0.999875 33.040741 0.030127 0.999422 -0.015752 -3.491271 -0.999546 0.030109 -0.001430 90.651203
-0.012060 0.014853 0.999817 33.840308 0.028721 0.999482 -0.014501 -3.514683 -0.999515 0.028541 -0.012480 90.621031
-0.021602 0.013387 0.999677 34.611678 0.029823 0.999474 -0.012740 -3.538328 -0.999322 0.029538 -0.021990 90.630625
-0.034745 0.013805 0.999301 35.426391 0.026384 0.999569 -0.012892 -3.599671 -0.999048 0.025917 -0.035094 90.583442
-0.045375 0.014509 0.998865 36.221400 0.024012 0.999621 -0.013430 -3.602122 -0.998681 0.023376 -0.045706 90.582954
-0.055783 0.015037 0.998330 37.020466 0.027029 0.999543 -0.013545 -3.648073 -0.998077 0.026228 -0.056164 90.526331
-0.067866 0.017201 0.997546 37.789297 0.031064 0.999403 -0.015120 -3.689309 -0.997211 0.029961 -0.068359 90.499594
-0.076651 0.017722 0.996900 38.562591 0.032667 0.999350 -0.015254 -3.730698 -0.996523 0.031396 -0.077180 90.440692
-0.088480 0.019481 0.995887 39.310288 0.027956 0.999463 -0.017067 -3.785085 -0.995686 0.026331 -0.088977 90.382525
-0.096675 0.019697 0.995121 40.092351 0.027303 0.999480 -0.017131 -3.801607 -0.994941 0.025514 -0.097163 90.311025
-0.105242 0.019487 0.994256 40.806491 0.028763 0.999449 -0.016544 -3.837522 -0.994031 0.026857 -0.105744 90.180998
-0.111424 0.019466 0.993582 41.613088 0.035643 0.999243 -0.015580 -3.877432 -0.993134 0.033678 -0.112033 90.092253
-0.119408 0.017021 0.992699 42.388073 0.034948 0.999305 -0.012930 -3.952178 -0.992230 0.033148 -0.119920 89.998786
-0.124955 0.016170 0.992031 43.091521 0.035040 0.999315 -0.011875 -3.971809 -0.991544 0.033277 -0.125436 89.926015
-0.128135 0.014728 0.991647 43.845869 0.036454 0.999284 -0.010131 -4.004106 -0.991087 0.034851 -0.128580 89.816803
-0.129728 0.014371 0.991445 44.467336 0.041681 0.999090 -0.009028 -4.012019 -0.990673 0.040153 -0.130209 89.759257
-0.129209 0.015544 0.991495 45.130890 0.042708 0.999037 -0.010097 -4.006656 -0.990697 0.041040 -0.129749 89.678995
-0.128328 0.016320 0.991597 45.787438 0.041555 0.999075 -0.011066 -4.045888 -0.990861 0.039786 -0.128888 89.586825
-0.125611 0.018357 0.991910 46.410970 0.043442 0.998972 -0.012986 -4.046965 -0.991128 0.041459 -0.126279 89.485701
-0.120384 0.017988 0.992564 47.043743 0.046360 0.998847 -0.012479 -4.066266 -0.991644 0.044513 -0.121079 89.415641
-0.114032 0.020061 0.993275 47.649523 0.046727 0.998798 -0.014808 -4.096397 -0.992378 0.044724 -0.114832 89.344364
-0.104542 0.019731 0.994325 48.225384 0.046011 0.998829 -0.014983 -4.121948 -0.993456 0.044184 -0.105327 89.288840
-0.091996 0.020189 0.995555 48.784052 0.044763 0.998868 -0.016120 -4.163468 -0.994753 0.043081 -0.092796 89.261143
-0.074384 0.021203 0.997004 49.339074 0.045920 0.998786 -0.017815 -4.173163 -0.996172 0.044457 -0.075267 89.214900
-0.054619 0.022185 0.998261 49.865820 0.044772 0.998802 -0.019747 -4.196116 -0.997503 0.043615 -0.055547 89.242738
-0.032098 0.025053 0.999171 50.470856 0.044616 0.998725 -0.023609 -4.220807 -0.998488 0.043821 -0.033175 89.227928
-0.004196 0.026903 0.999629 50.940765 0.042794 0.998727 -0.026699 -4.242517 -0.999075 0.042666 -0.005342 89.242208
0.027362 0.026824 0.999266 51.498747 0.043073 0.998680 -0.027988 -4.275047 -0.998697 0.043808 0.026171 89.293066
0.063746 0.024084 0.997675 52.019993 0.040765 0.998812 -0.026716 -4.288753 -0.997133 0.042373 0.062689 89.397916
0.106611 0.021841 0.994061 52.544589 0.037552 0.998957 -0.025976 -4.331547 -0.993591 0.040098 0.105680 89.476835
0.150869 0.018107 0.988388 53.066718 0.037362 0.999013 -0.024005 -4.376491 -0.987847 0.040549 0.150044 89.617937
0.197631 0.015897 0.980147 53.532972 0.033262 0.999184 -0.022913 -4.400429 -0.979712 0.037130 0.196941 89.765993
0.250461 0.014918 0.968012 54.017584 0.028608 0.999331 -0.022803 -4.431577 -0.967704 0.033404 0.249867 89.909125
0.305576 0.014079 0.952064 54.502924 0.026445 0.999379 -0.023267 -4.433788 -0.951800 0.032287 0.305014 90.152774
0.362392 0.015549 0.931896 54.929509 0.028389 0.999213 -0.027712 -4.465831 -0.931593 0.036498 0.361666 90.368854
0.422825 0.017664 0.906039 55.329677 0.027418 0.999103 -0.032274 -4.494246 -0.905796 0.038488 0.421961 90.604047
0.481503 0.020861 0.876196 55.722111 0.027564 0.998862 -0.038929 -4.521759 -0.876011 0.042895 0.480380 90.890353
0.539834 0.024874 0.841404 56.074969 0.021568 0.998826 -0.043365 -4.531825 -0.841495 0.041558 0.538664 91.197963
0.596441 0.028892 0.802137 56.444017 0.015389 0.998757 -0.047417 -4.545854 -0.802510 0.040626 0.595255 91.513249
0.650830 0.030718 0.758602 56.780079 0.013061 0.998580 -0.051641 -4.580398 -0.759111 0.043518 0.649505 91.878007
0.701904 0.028218 0.711713 57.069087 0.011834 0.998615 -0.051265 -4.599347 -0.712174 0.044405 0.700598 92.240777
0.747007 0.025444 0.664329 57.344754 0.008084 0.998846 -0.047346 -4.645028 -0.664767 0.040738 0.745940 92.628593
0.790451 0.021734 0.612140 57.584291 0.006067 0.999043 -0.043306 -4.684540 -0.612495 0.037945 0.789563 93.059074
0.829498 0.018240 0.558211 57.824002 0.003634 0.999269 -0.038051 -4.717666 -0.558497 0.033592 0.828826 93.450840
0.861212 0.017067 0.507960 58.014843 -0.000700 0.999475 -0.032394 -4.757085 -0.508246 0.027542 0.860771 93.918385
0.888124 0.016088 0.459322 58.202367 -0.003024 0.999570 -0.029162 -4.793044 -0.459593 0.024510 0.887791 94.377329
0.910548 0.017781 0.413021 58.369410 -0.007074 0.999598 -0.027437 -4.832658 -0.413343 0.022061 0.910308 94.827118
0.927654 0.022034 0.372791 58.543725 -0.013391 0.999578 -0.025759 -4.825935 -0.373201 0.018903 0.927558 95.315983
0.941982 0.025709 0.334676 58.658794 -0.018038 0.999499 -0.026011 -4.824972 -0.335177 0.018465 0.941974 95.784716
0.950579 0.026991 0.309308 58.740228 -0.019378 0.999430 -0.027659 -4.811160 -0.309878 0.020298 0.950560 96.289638
0.958538 0.021773 0.284131 58.922927 -0.014515 0.999513 -0.027627 -4.898344 -0.284594 0.022357 0.958387 96.823695
0.963017 0.020074 0.268694 59.054676 -0.012890 0.999511 -0.028475 -4.925908 -0.269134 0.023958 0.962805 97.342799
0.965794 0.023780 0.258216 59.143039 -0.017035 0.999454 -0.028328 -4.944767 -0.258749 0.022960 0.965672 97.835882
0.967914 0.030780 0.249391 59.267408 -0.024139 0.999269 -0.029645 -4.956003 -0.250121 0.022674 0.967949 98.340063
0.969026 0.036022 0.244318 59.407410 -0.029570 0.999112 -0.030023 -4.978226 -0.245183 0.021869 0.969230 98.823711
0.969144 0.042401 0.242821 59.470758 -0.035325 0.998817 -0.033425 -4.993370 -0.243951 0.023816 0.969495 99.380666
0.969525 0.043129 0.241167 59.567986 -0.035534 0.998729 -0.035755 -5.036528 -0.242402 0.026096 0.969825 99.940537
0.969002 0.040339 0.243737 59.675950 -0.032013 0.998764 -0.038024 -5.083210 -0.244969 0.029043 0.969096 100.502687
0.968262 0.043296 0.246158 59.871745 -0.033917 0.998533 -0.042216 -5.105816 -0.247625 0.032527 0.968310 101.046103
0.967458 0.046143 0.248790 60.059318 -0.035804 0.998303 -0.045927 -5.133148 -0.250487 0.035525 0.967468 101.649478
0.966470 0.049254 0.252013 60.255996 -0.038564 0.998141 -0.047188 -5.149471 -0.253869 0.035887 0.966573 102.268423
0.965284 0.047656 0.256817 60.408259 -0.037552 0.998321 -0.044107 -5.216588 -0.258488 0.032932 0.965453 102.881902
0.963848 0.047257 0.262227 60.565644 -0.037913 0.998457 -0.040583 -5.251516 -0.263740 0.029174 0.964152 103.492573
0.962830 0.045294 0.266285 60.760527 -0.036734 0.998638 -0.037041 -5.290008 -0.267600 0.025882 0.963182 104.102670
0.962120 0.038108 0.269950 60.913593 -0.029927 0.998961 -0.034361 -5.347826 -0.270979 0.024980 0.962261 104.771695
0.961127 0.039410 0.273278 61.108511 -0.031951 0.998987 -0.031693 -5.357588 -0.274251 0.021729 0.961413 105.431762
0.961052 0.039357 0.273552 61.270487 -0.031176 0.998929 -0.034193 -5.401929 -0.274604 0.024333 0.961249 106.083899
0.961623 0.037343 0.271822 61.413228 -0.027832 0.998861 -0.038764 -5.434629 -0.272960 0.029711 0.961566 106.728712
0.961575 0.040515 0.271537 61.566753 -0.029655 0.998592 -0.043983 -5.464388 -0.272937 0.034240 0.961422 107.393127
0.962349 0.041279 0.268663 61.732900 -0.029322 0.998399 -0.048369 -5.533581 -0.270230 0.038670 0.962019 108.055625
0.963147 0.035241 0.266656 61.891864 -0.023803 0.998657 -0.046009 -5.583561 -0.267919 0.037966 0.962693 108.767353
0.963548 0.028782 0.265981 62.088996 -0.018834 0.999027 -0.039877 -5.627500 -0.266870 0.033414 0.963153 109.480236
0.964348 0.024967 0.263457 62.301129 -0.016188 0.999241 -0.035443 -5.662132 -0.264142 0.029915 0.964020 110.197511
0.964356 0.028160 0.263104 62.506404 -0.019456 0.999176 -0.035629 -5.733982 -0.263891 0.029240 0.964109 110.924900
0.964890 0.035977 0.260180 62.651364 -0.026713 0.998880 -0.039056 -5.757415 -0.261294 0.030735 0.964770 111.678817
0.966084 0.038130 0.255397 62.824154 -0.027959 0.998669 -0.043340 -5.781343 -0.256710 0.034730 0.965864 112.412192
0.967446 0.038396 0.250148 62.996209 -0.027630 0.998540 -0.046409 -5.826916 -0.251565 0.037987 0.967095 113.216545
0.968524 0.038252 0.245964 63.187954 -0.028125 0.998611 -0.044556 -5.874667 -0.247327 0.036235 0.968254 114.002590
0.969688 0.035687 0.241727 63.427258 -0.026131 0.998749 -0.042626 -5.927288 -0.242946 0.035017 0.969408 114.840358
0.970445 0.033652 0.238966 63.652758 -0.024612 0.998868 -0.040713 -5.975894 -0.240066 0.033628 0.970174 115.630290
0.971012 0.030117 0.237125 63.840319 -0.021626 0.999031 -0.038330 -6.007195 -0.238049 0.032091 0.970723 116.433920
0.971518 0.025216 0.235619 64.041568 -0.016724 0.999139 -0.037970 -6.084109 -0.236374 0.032948 0.971103 117.229466
0.971621 0.020877 0.235620 64.233429 -0.012420 0.999226 -0.037319 -6.130739 -0.236217 0.033333 0.971129 118.044469
0.971697 0.025352 0.234866 64.440757 -0.016528 0.999084 -0.039463 -6.168281 -0.235651 0.034464 0.971226 118.860862
0.971477 0.030019 0.235227 64.629537 -0.020693 0.998903 -0.042018 -6.215337 -0.236230 0.035952 0.971032 119.700463
0.971169 0.031951 0.236243 64.829260 -0.022409 0.998825 -0.042969 -6.301636 -0.237338 0.036437 0.970743 120.529490
0.970359 0.035156 0.239099 65.037940 -0.025571 0.998745 -0.043074 -6.337144 -0.240313 0.035683 0.970039 121.372301
0.969450 0.039028 0.242164 65.212591 -0.029921 0.998704 -0.041170 -6.381319 -0.243457 0.032666 0.969361 122.224971
0.968513 0.039139 0.245868 65.418136 -0.029658 0.998671 -0.042147 -6.415212 -0.247191 0.033528 0.968387 123.052119
0.967991 0.041325 0.247561 65.649233 -0.031407 0.998543 -0.043879 -6.483658 -0.249013 0.034699 0.967878 123.955743
0.968233 0.037790 0.247178 65.865172 -0.027944 0.998675 -0.043222 -6.509639 -0.248483 0.034942 0.968006 124.771865
0.968162 0.033169 0.248116 66.107046 -0.022968 0.998772 -0.043898 -6.558689 -0.249267 0.036802 0.967735 125.638513
0.968089 0.032082 0.248543 66.297018 -0.021815 0.998795 -0.043953 -6.601823 -0.249654 0.037129 0.967623 126.568526
0.967531 0.034395 0.250401 66.542859 -0.024659 0.998817 -0.041915 -6.652600 -0.251546 0.034380 0.967234 127.403291
0.966788 0.032515 0.253501 66.771539 -0.023827 0.999021 -0.037266 -6.664130 -0.254465 0.029988 0.966617 128.223557
0.966085 0.034921 0.255853 66.989070 -0.026580 0.998999 -0.035990 -6.702421 -0.256854 0.027969 0.966045 129.093893
0.965848 0.034374 0.256818 67.183790 -0.024681 0.998859 -0.040873 -6.742770 -0.257930 0.033139 0.965595 129.943708
0.966095 0.031976 0.256201 67.401802 -0.019451 0.998495 -0.051271 -6.857899 -0.257455 0.044549 0.965263 130.758481
0.966147 0.032605 0.255922 67.571300 -0.018030 0.998090 -0.059091 -6.939426 -0.257360 0.052476 0.964890 131.608653
0.966199 0.030570 0.255980 67.784752 -0.017280 0.998391 -0.054010 -6.986889 -0.257219 0.047761 0.965172 132.485032
0.966786 0.025681 0.254294 68.038652 -0.016394 0.999121 -0.038572 -7.007199 -0.255061 0.033122 0.966358 133.369101
0.967064 0.019483 0.253787 68.240588 -0.012535 0.999502 -0.028968 -7.058967 -0.254225 0.024833 0.966826 134.242468
0.967250 0.023349 0.252750 68.449541 -0.016018 0.999390 -0.031022 -7.119355 -0.253321 0.025958 0.967034 135.011343
0.967128 0.033078 0.252128 68.594131 -0.022896 0.998804 -0.043209 -7.173131 -0.253255 0.036016 0.966729 135.810625
0.967523 0.032409 0.250696 68.812581 -0.020122 0.998474 -0.051421 -7.188011 -0.251980 0.044706 0.966699 136.625883
0.968225 0.028994 0.248393 69.004140 -0.016192 0.998440 -0.053429 -7.251881 -0.249555 0.047710 0.967185 137.477020
0.968749 0.027343 0.246530 69.151687 -0.014984 0.998541 -0.051870 -7.309977 -0.247588 0.046554 0.967746 138.262672
0.969399 0.033008 0.243261 69.344816 -0.020796 0.998399 -0.052599 -7.350600 -0.244607 0.045930 0.968534 139.085454
0.970337 0.039042 0.238581 69.539800 -0.026988 0.998199 -0.053582 -7.396107 -0.240244 0.045554 0.969643 139.870668
0.971213 0.043405 0.234224 69.711435 -0.031606 0.998046 -0.053898 -7.472091 -0.236106 0.044944 0.970687 140.650964
0.971840 0.046715 0.230963 69.870963 -0.035064 0.997909 -0.054300 -7.538088 -0.233017 0.044673 0.971446 141.454204
0.972394 0.043959 0.229169 70.076151 -0.032973 0.998126 -0.051550 -7.597992 -0.231005 0.042570 0.972021 142.284585
0.973014 0.040821 0.227108 70.251912 -0.030724 0.998383 -0.047818 -7.663367 -0.228693 0.039550 0.972695 143.122475
0.973563 0.040666 0.224768 70.436928 -0.030717 0.998395 -0.047589 -7.717214 -0.226342 0.039427 0.973250 143.948495
0.974211 0.040353 0.221999 70.634352 -0.030056 0.998318 -0.049571 -7.774625 -0.223626 0.041620 0.973786 144.760214
0.975824 0.038588 0.215124 70.765822 -0.028048 0.998262 -0.051834 -7.815461 -0.216750 0.044547 0.975210 145.589192
0.977229 0.037478 0.208850 70.954121 -0.026808 0.998198 -0.053689 -7.878748 -0.210486 0.046868 0.976473 146.360557
0.978490 0.038277 0.202713 71.143069 -0.028726 0.998344 -0.049848 -7.935069 -0.204285 0.042952 0.977969 147.195151
0.979851 0.032564 0.197059 71.308535 -0.024935 0.998845 -0.041073 -8.014678 -0.198169 0.035331 0.979531 147.933161
0.980703 0.033925 0.192540 71.456665 -0.028166 0.999072 -0.032573 -8.094379 -0.193466 0.026521 0.980748 148.791332
0.981592 0.036649 0.187440 71.564913 -0.031403 0.999030 -0.030880 -8.133642 -0.188390 0.024425 0.981791 149.633911
0.982450 0.037884 0.182639 71.732237 -0.031993 0.998872 -0.035095 -8.181448 -0.183762 0.028636 0.982554 150.452317
0.984064 0.037688 0.173775 71.848259 -0.030771 0.998630 -0.042329 -8.222952 -0.175132 0.036307 0.983875 151.218276
0.985543 0.038216 0.165061 71.987846 -0.030606 0.998359 -0.048401 -8.283206 -0.166640 0.042650 0.985095 152.055138
0.986647 0.036300 0.158778 72.107272 -0.029032 0.998432 -0.047857 -8.322471 -0.160266 0.042608 0.986154 152.861616
0.987841 0.036842 0.151041 72.244940 -0.030106 0.998458 -0.046645 -8.374795 -0.152527 0.041531 0.987426 153.683448
0.988979 0.041065 0.142249 72.325399 -0.034730 0.998304 -0.046731 -8.430922 -0.143926 0.041276 0.988727 154.501707
0.990291 0.045457 0.131364 72.424245 -0.038914 0.997891 -0.051951 -8.480630 -0.133449 0.046334 0.989972 155.329239
0.991422 0.043516 0.123241 72.522299 -0.037041 0.997834 -0.054355 -8.552778 -0.125340 0.049324 0.990887 156.220615
0.992478 0.040378 0.115575 72.598198 -0.034563 0.998055 -0.051890 -8.584658 -0.117445 0.047505 0.991942 157.006490
0.993478 0.041010 0.106392 72.636230 -0.036312 0.998294 -0.045722 -8.638548 -0.108086 0.041561 0.993272 157.915492
0.993978 0.047090 0.098941 72.742190 -0.043184 0.998215 -0.041258 -8.744285 -0.100707 0.036736 0.994238 158.771730
0.994705 0.047658 0.091052 72.823030 -0.044338 0.998288 -0.038145 -8.804088 -0.092714 0.033906 0.995115 159.612827
0.995207 0.047876 0.085273 72.839715 -0.044837 0.998301 -0.037211 -8.876811 -0.086909 0.033210 0.995663 160.467851
0.995455 0.051422 0.080163 72.862869 -0.048446 0.998078 -0.038645 -8.914387 -0.081996 0.034585 0.996032 161.291261
0.995598 0.056593 0.074708 72.907053 -0.053397 0.997598 -0.044117 -8.966817 -0.077025 0.039934 0.996229 162.132896
0.995696 0.060458 0.070239 72.942775 -0.057160 0.997208 -0.048043 -9.004056 -0.072948 0.043821 0.996373 162.977645
0.995862 0.061421 0.066978 72.983839 -0.058050 0.997001 -0.051172 -9.085669 -0.069921 0.047072 0.996441 163.816148
0.995846 0.064923 0.063838 72.982674 -0.062129 0.997061 -0.044830 -9.164282 -0.066561 0.040677 0.996953 164.724929
0.996064 0.061902 0.063435 72.980241 -0.059563 0.997496 -0.038127 -9.210877 -0.065637 0.034199 0.997257 165.650157
0.996172 0.064120 0.059413 73.015238 -0.062242 0.997518 -0.032930 -9.290699 -0.061377 0.029106 0.997690 166.544532
0.996932 0.056978 0.053665 73.058456 -0.055194 0.997891 -0.034167 -9.299145 -0.055499 0.031100 0.997974 167.366274
0.997622 0.049907 0.047526 73.125653 -0.047879 0.997931 -0.042904 -9.347918 -0.049569 0.040527 0.997948 168.174159
0.998241 0.044405 0.039293 73.153871 -0.042529 0.997972 -0.047362 -9.377394 -0.041317 0.045608 0.998105 168.987997
0.998495 0.043595 0.033272 73.145352 -0.042054 0.998069 -0.045706 -9.413348 -0.035201 0.044238 0.998401 169.860256
0.998809 0.041349 0.025906 73.185645 -0.040264 0.998343 -0.041101 -9.481009 -0.027562 0.040009 0.998819 170.709512
0.999156 0.036767 0.018298 73.185979 -0.036072 0.998665 -0.036979 -9.558607 -0.019633 0.036288 0.999149 171.530508
0.999306 0.034816 0.013275 73.197916 -0.034352 0.998841 -0.033716 -9.597028 -0.014433 0.033237 0.999343 172.416960
0.999688 0.024023 0.006780 73.176222 -0.023760 0.999047 -0.036613 -9.681504 -0.007653 0.036441 0.999307 173.240828
0.999827 0.018615 -0.000429 73.147513 -0.018617 0.999009 -0.040431 -9.741226 -0.000324 0.040432 0.999182 174.093464
0.999838 0.015290 -0.009477 73.164728 -0.015731 0.998706 -0.048368 -9.819952 0.008725 0.048509 0.998785 174.940973
0.999779 0.012888 -0.016596 73.162699 -0.013734 0.998556 -0.051942 -9.877002 0.015903 0.052158 0.998512 175.799110
0.999681 0.008031 -0.023933 73.140108 -0.009143 0.998867 -0.046704 -9.932355 0.023531 0.046907 0.998622 176.690970
0.999516 0.016266 -0.026501 73.101225 -0.017235 0.999176 -0.036755 -9.944156 0.025881 0.037194 0.998973 177.559240
0.999408 0.017383 -0.029680 73.066176 -0.018291 0.999365 -0.030591 -10.006165 0.029129 0.031115 0.999091 178.457292
0.999287 0.019084 -0.032569 73.043023 -0.020142 0.999269 -0.032488 -10.059985 0.031925 0.033120 0.998941 179.298704
0.999232 0.019410 -0.034025 73.005535 -0.020753 0.999001 -0.039571 -10.144954 0.033223 0.040247 0.998637 180.180136
0.998961 0.027005 -0.036713 72.941625 -0.028736 0.998460 -0.047449 -10.176648 0.035375 0.048454 0.998199 181.054404
0.998840 0.027992 -0.039178 72.911261 -0.029951 0.998283 -0.050329 -10.221672 0.037702 0.051445 0.997964 181.902463
0.998852 0.025024 -0.040853 72.881085 -0.026922 0.998551 -0.046601 -10.318908 0.039627 0.047647 0.998078 182.784094
0.998955 0.019694 -0.041245 72.859215 -0.021355 0.998962 -0.040226 -10.372804 0.040410 0.041065 0.998339 183.651186
0.999012 0.018671 -0.040329 72.826101 -0.020112 0.999163 -0.035610 -10.432122 0.039630 0.036386 0.998552 184.577809
0.998959 0.017710 -0.042036 72.776240 -0.019202 0.999190 -0.035371 -10.481588 0.041375 0.036142 0.998490 185.414636
0.998815 0.020250 -0.044261 72.743506 -0.022085 0.998900 -0.041371 -10.546175 0.043375 0.042299 0.998163 186.284469
0.998800 0.019466 -0.044944 72.753503 -0.021765 0.998450 -0.051226 -10.586150 0.043878 0.052142 0.997675 187.091675
0.998866 0.011419 -0.046230 72.681601 -0.013928 0.998427 -0.054301 -10.619654 0.045537 0.054884 0.997454 187.933747
0.998836 0.007828 -0.047606 72.622023 -0.010305 0.998594 -0.051994 -10.660994 0.047132 0.052424 0.997512 188.777753
0.998777 0.010275 -0.048362 72.549925 -0.012383 0.998977 -0.043503 -10.689607 0.047866 0.044049 0.997882 189.596252
0.998693 0.007694 -0.050523 72.458758 -0.009734 0.999142 -0.040267 -10.763213 0.050170 0.040706 0.997911 190.505975
0.998499 0.014845 -0.052728 72.425549 -0.017053 0.998986 -0.041674 -10.809326 0.052056 0.042511 0.997739 191.400000
0.998344 0.020332 -0.053815 72.379600 -0.022824 0.998676 -0.046107 -10.840677 0.052806 0.047258 0.997486 192.272038
0.998269 0.023174 -0.054054 72.311425 -0.025736 0.998554 -0.047201 -10.868197 0.052882 0.048510 0.997422 193.065907
0.998275 0.022305 -0.054317 72.250411 -0.024839 0.998613 -0.046427 -10.940935 0.053206 0.047696 0.997444 193.955415
0.998153 0.022797 -0.056313 72.156491 -0.025257 0.998740 -0.043369 -10.992650 0.055253 0.044711 0.997471 194.809730
0.998081 0.025356 -0.056496 72.062182 -0.027692 0.998777 -0.040959 -11.034014 0.055389 0.042444 0.997562 195.663501
0.997921 0.028735 -0.057688 72.006503 -0.031122 0.998678 -0.040912 -11.072677 0.056436 0.042622 0.997496 196.444594
0.997815 0.032476 -0.057536 71.951761 -0.035069 0.998387 -0.044656 -11.133316 0.055993 0.046577 0.997344 197.243867
0.997503 0.037393 -0.059909 71.892333 -0.040327 0.998008 -0.048523 -11.169351 0.057975 0.050818 0.997024 198.097194
0.997349 0.038139 -0.061969 71.815294 -0.041120 0.998021 -0.047563 -11.244945 0.060032 0.049985 0.996944 198.965510
0.997185 0.039624 -0.063660 71.753466 -0.042282 0.998266 -0.040959 -11.278755 0.061927 0.043536 0.997131 199.834944
0.997255 0.036640 -0.064339 71.682069 -0.038945 0.998630 -0.034942 -11.346171 0.062970 0.037352 0.997316 200.583727
0.997334 0.033548 -0.064799 71.664738 -0.035732 0.998822 -0.032842 -11.379923 0.063621 0.035070 0.997358 201.393808
